gene	p_val	avg_logFC	pct.1	pct.2	p_val_adj	cluster
Spp1	3.55E-47	1.404974038	0.214	0.344	5.07E-43	0
Malat1	0	1.336389608	0.934	0.823	0	0
Fos	0	0.948089466	0.734	0.53	0	0
mt-Nd4l	0	0.947071814	0.996	0.955	0	0
mt-Cytb	0	0.94196144	0.998	0.977	0	0
Atf3	3.64E-130	0.903369727	0.45	0.313	5.20E-126	0
Clu	0	0.84991626	1	0.999	0	0
Ier2	0	0.799838091	0.855	0.743	0	0
Trf	0	0.771918235	1	0.991	0	0
Pzp	0	0.753154877	0.994	0.963	0	0
Jun	0	0.728102564	0.67	0.42	0	0
Zfp36	0	0.703087059	0.797	0.649	0	0
Apoe	0	0.678831197	1	1	0	0
mt-Nd1	0	0.660748718	0.988	0.941	0	0
F2	0	0.659152849	1	0.99	0	0
C3	0	0.656908054	0.981	0.931	0	0
mt-Nd4	0	0.646491716	0.976	0.909	0	0
mt-Nd5	0	0.635908993	0.961	0.864	0	0
Gdf15	2.62E-251	0.634815125	0.598	0.42	3.74E-247	0
mt-Nd2	0	0.611841693	0.986	0.936	0	0
Cd81	0	0.606565844	0.997	0.991	0	0
Mug1	0	0.597027967	0.916	0.86	0	0
Cps1	0	0.595565279	0.804	0.549	0	0
Gadd45g	9.66E-171	0.595432408	0.55	0.396	1.38E-166	0
Cxcl1	1.19E-111	0.593826503	0.625	0.566	1.69E-107	0
Junb	0	0.587260243	0.826	0.779	0	0
Hsd17b13	0	0.581305185	0.958	0.833	0	0
Hp	0	0.578807126	1	0.997	0	0
Herpud1	0	0.578571151	0.913	0.853	0	0
Fn1	0	0.5725665	0.882	0.584	0	0
mt-Atp8	0	0.56715748	0.988	0.939	0	0
H2-Q10	0	0.556955444	1	0.998	0	0
Serpinf2	0	0.555227993	0.999	0.986	0	0
Hpx	0	0.552200583	1	1	0	0
Serpina1c	0	0.54451635	0.964	0.928	0	0
Lrg1	0	0.544379769	0.995	0.981	0	0
Serpind1	0	0.522832097	0.993	0.964	0	0
Apob	0	0.522097841	0.954	0.859	0	0
Pck1	1.40E-234	0.509523229	0.847	0.882	2.00E-230	0
Igfbp1	0	0.508665091	0.997	0.996	0	0
Serpina1a	0	0.496897689	0.997	0.987	0	0
Cp	0	0.492585885	0.947	0.874	0	0
Angptl8	2.49E-30	0.48529535	0.74	0.833	3.56E-26	0
Kng1	0	0.482351816	1	1	0	0
Acsl5	0	0.482294171	0.971	0.928	0	0
Fga	0	0.481804411	1	0.998	0	0
Efna1	0	0.481226771	0.79	0.613	0	0
Cfb	0	0.479986698	0.975	0.943	0	0
Cfi	0	0.476706005	1	0.998	0	0
Hal	0	0.461003896	0.758	0.541	0	0
Hrg	0	0.458408943	0.992	0.987	0	0
Ahsg	0	0.458408901	1	1	0	0
Proc	0	0.457552633	0.982	0.914	0	0
Cxcl13	5.10E-47	0.455195533	0.37	0.28	7.29E-43	0
Vtn	0	0.447083906	0.997	0.985	0	0
Scarb1	0	0.440607561	0.872	0.634	0	0
Aqp8	4.58E-219	0.440386377	0.694	0.503	6.54E-215	0
Tspan8	5.70E-91	0.438059478	0.724	0.771	8.15E-87	0
Apoa4	3.90E-70	0.433628595	0.785	0.849	5.58E-66	0
Cyp2a4	3.63E-174	0.425658462	0.884	0.943	5.19E-170	0
Hgfac	0	0.422237984	0.896	0.632	0	0
H2-K1	0	0.415768976	0.992	0.97	0	0
Tm4sf4	4.60E-263	0.41494096	0.949	0.941	6.57E-259	0
Mug2	0	0.411729124	0.64	0.357	0	0
Fgb	0	0.410909452	1	1	0	0
mt-Co1	0	0.410064685	0.999	0.994	0	0
Txnip	0	0.403475978	0.333	0.092	0	0
Neat1	0	0.401023539	0.452	0.123	0	0
Cyp2d26	0	0.400663751	0.959	0.924	0	0
Oaf	0	0.400045551	0.868	0.659	0	0
Slc25a47	1.37E-168	0.396177157	0.902	0.916	1.96E-164	0
Ces2e	0	0.394126385	0.948	0.865	0	0
Hes1	0	0.38565129	0.435	0.106	0	0
Itih1	0	0.3805127	0.789	0.552	0	0
Mup3	8.10E-20	0.379891352	0.694	0.642	1.16E-15	0
8430408G22Rik	1.33E-211	0.377011583	0.875	0.831	1.91E-207	0
F12	0	0.376154921	0.826	0.588	0	0
Cfh	0	0.375208215	0.795	0.607	0	0
Pglyrp2	0	0.374404825	0.783	0.534	0	0
Egr1	8.43E-195	0.374364476	0.526	0.323	1.21E-190	0
Tmem176b	0	0.373784987	1	0.999	0	0
Fdps	0	0.373759086	0.992	0.99	0	0
Ier3	3.91E-194	0.373255269	0.354	0.155	5.59E-190	0
Kng2	0	0.369055989	0.994	0.986	0	0
Plg	0	0.368609078	0.972	0.928	0	0
Slc38a2	0	0.368080416	0.425	0.101	0	0
Serpinc1	0	0.365210946	1	0.998	0	0
Fads2	4.08E-149	0.363849237	0.699	0.572	5.83E-145	0
Rrbp1	0	0.362984031	0.963	0.946	0	0
Serpina3k	1.38E-265	0.351997501	0.989	0.997	1.97E-261	0
Jund	1.77E-303	0.351916456	0.565	0.306	2.53E-299	0
Rgs16	0	0.349704742	0.401	0.118	0	0
Apof	0	0.349481594	0.989	0.985	0	0
Tmem176a	0	0.348901824	0.991	0.973	0	0
Itih4	4.07E-283	0.348194407	0.9	0.813	5.82E-279	0
Mar-01	7.54E-306	0.345640444	0.785	0.57	1.08E-301	0
Ddit4	2.87E-203	0.345634766	0.342	0.142	4.11E-199	0
Chka	6.41E-226	0.341484869	0.532	0.315	9.15E-222	0
Fgg	2.82E-239	0.339835654	0.999	0.997	4.03E-235	0
Hpn	0	0.339491212	0.91	0.766	0	0
H2-T23	4.04E-306	0.334619168	0.814	0.594	5.78E-302	0
Gc	0	0.333811115	1	1	0	0
Scd1	6.97E-62	0.333555302	0.861	0.923	9.96E-58	0
Dhcr24	4.56E-293	0.3329388	0.74	0.515	6.52E-289	0
mt-Atp6	2.25E-223	0.331242714	0.975	0.936	3.22E-219	0
Col18a1	0	0.326604081	0.434	0.106	0	0
Itih3	4.79E-214	0.323367304	0.879	0.768	6.85E-210	0
1300017J02Rik	3.17E-290	0.322299122	0.876	0.645	4.53E-286	0
Rdh16f2	0	0.321842466	0.971	0.938	0	0
Ces1c	2.09E-206	0.320141925	0.833	0.629	2.99E-202	0
Agxt	8.69E-272	0.319208123	0.853	0.719	1.24E-267	0
Dusp1	0	0.318725883	0.315	0.083	0	0
Tat	6.23E-138	0.31787418	0.882	0.936	8.90E-134	0
Mvk	0	0.313863572	0.572	0.276	0	0
Hsd17b2	8.34E-138	0.312095771	0.872	0.85	1.19E-133	0
Klf6	0	0.311087871	0.283	0.063	0	0
F10	9.64E-275	0.310480393	0.934	0.855	1.38E-270	0
Aldh1b1	5.58E-297	0.308460824	0.422	0.158	7.98E-293	0
Rdh11	8.24E-153	0.308096399	0.62	0.421	1.18E-148	0
Tdo2	2.50E-133	0.305830541	0.942	0.964	3.57E-129	0
Errfi1	3.49E-271	0.304817991	0.945	0.93	4.99E-267	0
Serpina3m	3.29E-281	0.29996655	0.995	0.992	4.70E-277	0
Got1	9.37E-173	0.298911966	0.794	0.64	1.34E-168	0
Tmbim6	0	0.298540737	1	0.999	0	0
Btg2	1.23E-198	0.297280163	0.458	0.25	1.76E-194	0
Nid1	0	0.296749558	0.412	0.098	0	0
Slc27a5	1.84E-225	0.294240744	0.705	0.517	2.63E-221	0
Zfp36l1	1.08E-154	0.29340632	0.707	0.558	1.55E-150	0
Selenbp1	3.76E-220	0.291791814	0.918	0.841	5.37E-216	0
Gls2	7.79E-259	0.291736679	0.716	0.49	1.11E-254	0
Cfhr2	0	0.288701149	0.979	0.956	0	0
Fst	2.21E-304	0.287866712	0.428	0.163	3.15E-300	0
Slc25a25	0	0.286184631	0.409	0.122	0	0
Lifr	4.09E-164	0.285873829	0.491	0.288	5.84E-160	0
Serpine1	2.60E-236	0.283933236	0.197	0.043	3.72E-232	0
Selenbp2	3.17E-273	0.283044647	0.255	0.064	4.53E-269	0
Cd9	2.70E-176	0.281650699	0.918	0.915	3.86E-172	0
Afm	6.00E-210	0.28067806	0.811	0.623	8.58E-206	0
Cyp2d10	3.40E-243	0.279870877	0.939	0.884	4.86E-239	0
Hmgcr	0	0.277042162	0.409	0.129	0	0
C4b	7.96E-214	0.274959531	0.552	0.328	1.14E-209	0
Actg1	7.77E-111	0.274203419	0.931	0.966	1.11E-106	0
Ifrd1	2.97E-111	0.273008826	0.554	0.414	4.25E-107	0
Atp1a1	0	0.270785426	0.392	0.122	0	0
Cpn1	5.88E-233	0.270123362	0.75	0.55	8.41E-229	0
Slc38a4	4.14E-180	0.268500684	0.757	0.6	5.92E-176	0
Serpinf1	3.83E-196	0.267890729	0.906	0.894	5.47E-192	0
Sc5d	8.25E-220	0.266870064	0.977	0.974	1.18E-215	0
Hc	8.65E-182	0.266605689	0.577	0.383	1.24E-177	0
Rdh7	1.47E-180	0.266408743	0.891	0.835	2.10E-176	0
Slc38a3	1.55E-196	0.265686185	0.836	0.682	2.21E-192	0
P2rx4	0	0.265546034	0.449	0.165	0	0
G6pc	3.82E-211	0.265186209	0.392	0.175	5.47E-207	0
Nr0b2	5.75E-155	0.264729796	0.642	0.478	8.21E-151	0
Cldn3	2.16E-223	0.264157087	0.886	0.796	3.09E-219	0
Bhlhe40	0	0.26301972	0.422	0.147	0	0
Acsl3	0	0.261112701	0.468	0.173	0	0
Bsg	6.15E-162	0.259085782	0.999	1	8.79E-158	0
Cyp2c40	6.17E-126	0.258178094	0.319	0.156	8.82E-122	0
Mup20	0.009093585	0.258038565	0.888	0.952	1	0
Ambp	1.59E-245	0.257666418	1	1	2.28E-241	0
Igfbp2	9.11E-120	0.257331432	0.807	0.686	1.30E-115	0
Egfr	1.84E-284	0.257157708	0.363	0.126	2.63E-280	0
Itih2	1.45E-227	0.256884235	0.921	0.88	2.07E-223	0
Cpq	0	0.256411676	0.455	0.162	0	0
Glud1	2.09E-235	0.255792914	0.999	0.998	2.98E-231	0
Retreg1	0	0.255493894	0.432	0.148	0	0
Slc37a4	2.95E-191	0.25402833	0.548	0.325	4.21E-187	0
Ftcd	1.53E-200	0.253721607	0.669	0.47	2.18E-196	0
Pnrc1	4.39E-107	0.253474839	0.837	0.75	6.28E-103	0
Agpat2	1.84E-162	0.253288878	0.894	0.841	2.63E-158	0
Tm7sf2	1.15E-221	0.25308069	0.616	0.351	1.64E-217	0
Bex1	9.36E-158	0.251580406	0.288	0.121	1.34E-153	0
Aadac	1.06E-160	0.24972485	0.864	0.733	1.52E-156	0
Lbp	1.72E-165	0.249077436	0.493	0.284	2.46E-161	0
Grhpr	9.64E-242	0.248036356	0.967	0.937	1.38E-237	0
Actb	2.06E-230	0.246294376	0.999	0.998	2.94E-226	0
H2-D1	1.39E-175	0.245879559	0.932	0.927	1.98E-171	0
Tpst2	2.10E-250	0.244225641	0.522	0.261	3.00E-246	0
Slc27a2	7.88E-132	0.243509965	0.865	0.733	1.13E-127	0
Gm4788	7.83E-203	0.241573493	0.598	0.377	1.12E-198	0
Acss2	1.94E-171	0.241315322	0.483	0.27	2.78E-167	0
Pcsk9	0	0.240022285	0.364	0.105	0	0
Enpp2	0	0.239778001	0.443	0.155	0	0
Slc2a2	8.61E-292	0.23961354	0.326	0.101	1.23E-287	0
Serpina1d	7.61E-202	0.239538667	1	1	1.09E-197	0
Mvd	1.04E-263	0.239290793	0.456	0.199	1.48E-259	0
Cyc1	5.59E-230	0.238746508	0.949	0.914	7.99E-226	0
Son	0	0.238720294	0.379	0.115	0	0
Sdc1	1.19E-307	0.238535618	0.432	0.161	1.70E-303	0
Amdhd1	4.12E-219	0.238529742	0.811	0.606	5.90E-215	0
Alcam	4.27E-307	0.237680417	0.426	0.158	6.11E-303	0
Fasn	6.67E-297	0.237651949	0.325	0.097	9.53E-293	0
Pdia6	8.25E-225	0.237027636	0.992	0.989	1.18E-220	0
Mid1ip1	3.78E-225	0.236602926	0.354	0.139	5.40E-221	0
Hilpda	9.97E-192	0.23614846	0.277	0.101	1.42E-187	0
F7	0	0.235893899	0.418	0.152	0	0
Cyp2c70	3.65E-110	0.23546376	0.982	0.991	5.21E-106	0
Cpe	1.19E-59	0.235233542	0.59	0.522	1.70E-55	0
Cxadr	4.21E-182	0.234611133	0.56	0.338	6.02E-178	0
Sdc4	9.15E-141	0.234529931	0.748	0.603	1.31E-136	0
Id3	9.72E-64	0.234423653	0.374	0.256	1.39E-59	0
Acly	4.81E-244	0.234126198	0.476	0.22	6.87E-240	0
Dgat2	4.26E-159	0.233586799	0.759	0.607	6.09E-155	0
Ugt2b5	2.21E-171	0.232600312	0.869	0.763	3.16E-167	0
Sephs2	2.76E-172	0.232026426	0.935	0.906	3.94E-168	0
Itm2b	2.05E-229	0.232016618	0.999	1	2.92E-225	0
Ppp1r15a	4.97E-273	0.231426351	0.301	0.09	7.11E-269	0
P4hb	0	0.231250866	0.999	0.999	0	0
C1s1	1.76E-162	0.230384322	0.583	0.395	2.51E-158	0
Atp5a1	6.40E-216	0.22988992	0.893	0.757	9.14E-212	0
Lss	2.19E-281	0.229674064	0.366	0.128	3.13E-277	0
B4galnt1	8.54E-304	0.22924143	0.433	0.162	1.22E-299	0
Apoa5	1.02E-221	0.229198794	0.407	0.176	1.46E-217	0
Nipal1	0	0.229094152	0.321	0.077	0	0
Iqgap2	4.20E-299	0.228982208	0.417	0.152	6.01E-295	0
Ifngr1	7.37E-233	0.228807477	0.461	0.216	1.05E-228	0
Scd2	8.40E-302	0.228732962	0.394	0.136	1.20E-297	0
Ctsb	2.01E-141	0.228427128	0.91	0.833	2.88E-137	0
Rbm39	1.81E-260	0.228273882	0.483	0.214	2.59E-256	0
Hsp90b1	4.29E-236	0.226743997	0.994	0.994	6.13E-232	0
Sds	4.31E-211	0.226203502	0.311	0.115	6.16E-207	0
Naxd	1.19E-262	0.225202195	0.5	0.231	1.71E-258	0
Degs1	2.28E-208	0.224419158	0.526	0.28	3.26E-204	0
Cyr61	4.03E-241	0.224375294	0.196	0.041	5.77E-237	0
Qprt	1.51E-171	0.22419683	0.856	0.663	2.16E-167	0
Rdh5	2.97E-164	0.223845686	0.551	0.347	4.25E-160	0
Tfr2	7.68E-278	0.221968441	0.362	0.126	1.10E-273	0
Golgb1	0	0.221517718	0.388	0.128	0	0
Cbs	6.52E-162	0.221385077	0.713	0.547	9.32E-158	0
Azgp1	5.43E-202	0.221228663	0.999	0.998	7.76E-198	0
Qsox1	1.36E-129	0.220579047	0.491	0.324	1.94E-125	0
Apoh	6.80E-223	0.220259363	1	0.998	9.72E-219	0
Gm26917	8.02E-101	0.219014516	0.359	0.22	1.15E-96	0
Pigr	1.96E-258	0.218712144	0.296	0.09	2.80E-254	0
Psap	4.88E-147	0.217932999	0.67	0.508	6.98E-143	0
F5	1.57E-189	0.217224919	0.524	0.299	2.25E-185	0
Ly6e	6.96E-123	0.216823106	0.983	0.981	9.95E-119	0
Gm35696	2.87E-111	0.216245522	0.43	0.263	4.10E-107	0
Ldha	1.77E-150	0.215976534	0.994	0.992	2.53E-146	0
Vnn3	3.07E-119	0.215527098	0.471	0.293	4.38E-115	0
mt-Co2	2.69E-61	0.215321481	0.998	0.991	3.85E-57	0
Tmprss6	2.12E-293	0.214452258	0.358	0.118	3.04E-289	0
Ubc	4.12E-92	0.214082489	0.75	0.641	5.89E-88	0
Dhcr7	7.58E-239	0.213891507	0.425	0.183	1.08E-234	0
Slc39a4	7.87E-159	0.213307127	0.494	0.285	1.13E-154	0
Cdkn2b	1.05E-243	0.213139065	0.374	0.143	1.51E-239	0
Srrm2	6.40E-160	0.212923955	0.588	0.393	9.14E-156	0
C1ra	8.76E-232	0.212854448	0.422	0.183	1.25E-227	0
Gamt	4.71E-164	0.212379034	0.971	0.948	6.73E-160	0
Mat1a	1.02E-109	0.212351646	0.449	0.282	1.45E-105	0
Il11ra1	9.61E-266	0.212241006	0.369	0.135	1.37E-261	0
Arg1	5.06E-124	0.211931252	0.894	0.847	7.24E-120	0
Akr7a5	1.63E-172	0.211752555	0.908	0.799	2.34E-168	0
Iigp1	4.62E-110	0.211503683	0.702	0.573	6.60E-106	0
Uroc1	3.89E-218	0.211356934	0.524	0.265	5.55E-214	0
Ass1	1.16E-181	0.210776683	0.999	0.994	1.66E-177	0
Osgin1	4.64E-218	0.210621108	0.371	0.149	6.63E-214	0
Tmem54	1.86E-127	0.209413117	0.309	0.149	2.66E-123	0
F11	6.27E-198	0.209238517	0.491	0.254	8.96E-194	0
Slc7a2	0	0.208265443	0.287	0.07	0	0
Aplp2	3.15E-276	0.207314946	0.349	0.118	4.50E-272	0
F11r	2.44E-128	0.20637117	0.641	0.484	3.49E-124	0
Echdc3	2.17E-162	0.205773348	0.749	0.575	3.10E-158	0
Xbp1	1.21E-107	0.205686402	0.919	0.925	1.73E-103	0
Cyp2d22	6.78E-144	0.205166491	0.574	0.394	9.68E-140	0
Ifi27l2b	4.34E-116	0.204665941	0.975	0.981	6.21E-112	0
Atp1b1	1.24E-214	0.203599278	0.492	0.244	1.77E-210	0
AI182371	1.12E-138	0.20337986	0.867	0.759	1.60E-134	0
Zfyve21	7.58E-259	0.203310223	0.405	0.159	1.08E-254	0
Mt2	4.77E-17	0.202118532	0.575	0.559	6.82E-13	0
Tpr	8.59E-221	0.201904984	0.459	0.211	1.23E-216	0
Acp5	1.05E-148	0.201753157	0.717	0.55	1.50E-144	0
Cd151	2.40E-192	0.201360143	0.47	0.241	3.43E-188	0
Nudt19	7.68E-24	0.200717916	0.471	0.397	1.10E-19	0
Agt	2.47E-190	0.200529978	0.947	0.93	3.53E-186	0
Gm42418	0	1.879508672	1	0.999	0	1
Apoc1	0	0.688646713	1	1	0	1
Gm10076	0	0.588012141	1	0.988	0	1
Rps21	0	0.571455492	0.994	0.787	0	1
Atp5e	0	0.566930423	1	0.958	0	1
Sec61g	0	0.56263847	1	0.965	0	1
Rpl39	0	0.560060312	0.997	0.836	0	1
Rps26	0	0.557890229	0.999	0.955	0	1
Tff3	0	0.552673198	0.979	0.653	0	1
Rps28	0	0.539554241	0.975	0.697	0	1
Rpl34	0	0.525993261	0.999	0.927	0	1
Rpl32	0	0.524348682	1	0.967	0	1
Rpl38	0	0.519968061	0.999	0.908	0	1
Rps29	0	0.519234316	0.965	0.664	0	1
Usmg5	0	0.512156215	0.994	0.812	0	1
Rpl37a	0	0.511675011	0.993	0.822	0	1
Rpl37	0	0.491818568	1	0.997	0	1
Apoc4	0	0.491545794	1	0.999	0	1
Rps17	0	0.478367645	0.927	0.686	0	1
Rps15a	0	0.472057841	0.997	0.874	0	1
Uqcr10	0	0.467042866	0.989	0.797	0	1
Uqcrq	0	0.465816497	1	0.994	0	1
Atp5j2	0	0.464639526	0.999	0.926	0	1
Rpl36	0	0.459269474	1	0.971	0	1
Rpl35	0	0.455412949	1	0.964	0	1
Cox7b	0	0.444869518	0.987	0.812	0	1
Cox6c	0	0.436833484	0.999	0.962	0	1
AY036118	2.27E-186	0.42162285	0.515	0.314	3.24E-182	1
Rpl27	0	0.408243258	0.999	0.953	0	1
Rpl41	0	0.397165556	0.998	0.925	0	1
Rps27l	0	0.391301756	0.997	0.882	0	1
Atp5l	0	0.375446409	0.999	0.947	0	1
Rps13	1.66E-300	0.374515623	0.991	0.871	2.38E-296	1
Cox7a2	0	0.373205741	0.996	0.921	0	1
2010107E04Rik	5.26E-260	0.365582053	0.991	0.839	7.52E-256	1
Rps23	1.26E-306	0.364864499	0.983	0.821	1.80E-302	1
Nme2	0	0.363950728	1	1	0	1
Rps14	0	0.362495596	0.999	0.936	0	1
Ndufa3	1.15E-279	0.357756447	0.971	0.759	1.65E-275	1
Uba52	0	0.356959056	1	1	0	1
Apoa2	0	0.354038886	1	1	0	1
Ndufa2	1.25E-291	0.351438639	0.987	0.855	1.79E-287	1
Uqcr11	0	0.34697476	0.998	0.95	0	1
Uqcrh	9.71E-269	0.345879616	0.997	0.932	1.39E-264	1
Cox7c	0	0.345666432	1	0.978	0	1
Ndufv3	1.38E-228	0.342645247	0.974	0.805	1.97E-224	1
Rps27	9.14E-156	0.339189066	0.585	0.436	1.31E-151	1
Rps12	2.81E-287	0.33908628	0.966	0.764	4.02E-283	1
Polr2l	5.68E-164	0.334861122	0.696	0.561	8.12E-160	1
Ndufc1	1.32E-253	0.33229272	0.992	0.863	1.89E-249	1
Rpl22	3.48E-259	0.33161424	0.994	0.893	4.98E-255	1
Ndufa11	4.13E-235	0.33115403	0.982	0.839	5.90E-231	1
Atox1	0	0.327420501	0.999	0.979	0	1
Ndufb9	5.57E-235	0.326243665	0.996	0.935	7.97E-231	1
mt-Co3	0	0.323002782	1	0.985	0	1
Rps24	0	0.314201714	1	0.996	0	1
Cox6b1	1.25E-262	0.313470471	0.999	0.949	1.78E-258	1
Atp5g1	1.00E-286	0.313268507	1	0.977	1.43E-282	1
Romo1	2.21E-135	0.311595525	0.723	0.603	3.16E-131	1
Ndufb4	5.56E-190	0.310789955	0.969	0.793	7.95E-186	1
Rps5	5.57E-266	0.308611138	0.999	0.957	7.96E-262	1
Ndufa7	1.46E-216	0.307529323	0.998	0.95	2.08E-212	1
Rpl26	6.42E-218	0.306607535	0.997	0.924	9.18E-214	1
Rps20	1.18E-279	0.302501953	1	0.996	1.68E-275	1
Rpl10-ps3	5.05E-209	0.298605806	0.987	0.789	7.22E-205	1
Rpl35a	1.79E-141	0.2983218	0.876	0.751	2.56E-137	1
Rpl22l1	8.99E-194	0.294304345	0.929	0.729	1.29E-189	1
Tomm7	7.38E-96	0.28766449	0.686	0.604	1.06E-91	1
Sec61b	1.90E-260	0.282993484	1	0.983	2.72E-256	1
Tstd1	1.94E-202	0.281176246	1	0.973	2.77E-198	1
Mrpl52	3.01E-183	0.280943202	0.994	0.918	4.31E-179	1
Rplp2	1.36E-212	0.278944527	0.999	0.96	1.94E-208	1
Nop10	1.53E-175	0.276810896	0.928	0.73	2.19E-171	1
mt-Nd3	9.23E-39	0.274469344	0.228	0.176	1.32E-34	1
Rps27a	2.28E-228	0.272652788	1	0.997	3.25E-224	1
Rpl36a	2.62E-173	0.268593723	0.992	0.876	3.74E-169	1
Ttr	0	0.265353155	1	1	0	1
Ubl5	7.49E-129	0.263693533	0.948	0.784	1.07E-124	1
Apoc3	1.58E-234	0.261265196	1	1	2.25E-230	1
Rpl13a	1.25E-165	0.26048777	0.95	0.788	1.78E-161	1
Ndufa1	2.40E-131	0.256096859	0.982	0.842	3.43E-127	1
Rpl31	2.68E-119	0.25367895	0.866	0.724	3.84E-115	1
Gng5	8.54E-177	0.253175849	1	0.987	1.22E-172	1
Cox5b	6.43E-182	0.250090762	0.999	0.972	9.19E-178	1
Dynll1	2.54E-73	0.249526583	0.703	0.626	3.63E-69	1
Ndufb2	8.96E-62	0.24365063	0.726	0.673	1.28E-57	1
Atp5k	1.34E-20	0.239563162	0.439	0.465	1.92E-16	1
Atpif1	5.04E-135	0.238380362	0.912	0.705	7.21E-131	1
Rps11	9.78E-163	0.234729365	0.999	0.974	1.40E-158	1
Rps18	1.26E-120	0.230259991	0.99	0.885	1.81E-116	1
Uqcc2	3.37E-52	0.229034138	0.677	0.622	4.81E-48	1
Atp5h	6.21E-112	0.223579021	0.993	0.902	8.87E-108	1
Rps7	7.56E-158	0.221911829	1	0.994	1.08E-153	1
Apom	4.66E-98	0.220864288	1	0.999	6.66E-94	1
Timm8b	2.31E-47	0.218074718	0.663	0.611	3.30E-43	1
Rps6	2.24E-90	0.208829252	0.987	0.898	3.21E-86	1
Tmem256	4.55E-53	0.208413902	0.753	0.698	6.50E-49	1
Rps16	7.20E-145	0.207828974	1	0.999	1.03E-140	1
Sem1	1.75E-71	0.203409656	0.981	0.871	2.50E-67	1
Urah	1.31E-104	0.202357589	0.987	0.86	1.87E-100	1
S100a10	4.87E-152	0.202228349	0.998	0.879	6.96E-148	1
Gstm3	3.68E-237	1.739640469	0.621	0.418	5.26E-233	2
Gstm1	0	1.409355585	0.991	0.923	0	2
Cyp1a2	4.60E-206	0.81145128	0.546	0.311	6.58E-202	2
Rida	0	0.682305426	1	0.981	0	2
Cbr1	2.99E-252	0.666138521	0.88	0.823	4.27E-248	2
Ftl1	1.32E-247	0.648460845	1	1	1.89E-243	2
Cbr3	8.58E-308	0.646652055	0.267	0.062	1.23E-303	2
Cyp2a5	6.81E-64	0.637861425	0.36	0.245	9.73E-60	2
Mgst1	0	0.637184524	1	0.999	0	2
Mup20	3.26E-218	0.627863996	0.982	0.915	4.66E-214	2
Orm1	0	0.619754171	0.983	0.856	0	2
Gstm2	4.15E-91	0.600368302	0.611	0.475	5.92E-87	2
Nqo1	1.30E-225	0.596378334	0.356	0.15	1.86E-221	2
Bhmt	0	0.582250444	0.941	0.803	0	2
Esd	4.77E-235	0.551916432	0.982	0.972	6.82E-231	2
Ass1	0	0.536436187	1	0.994	0	2
Blvrb	5.64E-147	0.535327447	0.8	0.68	8.06E-143	2
Gsta4	2.19E-279	0.53363865	0.883	0.734	3.13E-275	2
Cat	0	0.527822251	0.949	0.9	0	2
Serpina1e	2.10E-166	0.519507382	1	0.997	3.00E-162	2
Gpx1	3.69E-277	0.494627229	1	0.993	5.27E-273	2
Gstm4	5.96E-191	0.471132868	0.51	0.296	8.52E-187	2
Selenop	0	0.459578878	1	1	0	2
Gsta3	3.26E-220	0.455110743	0.972	0.924	4.67E-216	2
Mup3	5.63E-207	0.444526604	0.855	0.601	8.04E-203	2
Gstt3	0	0.443977723	0.799	0.555	0	2
Gstp1	3.20E-77	0.434685741	1	1	4.57E-73	2
Thrsp	4.15E-137	0.430971748	0.391	0.211	5.93E-133	2
Cyb5r3	2.73E-264	0.424458568	0.948	0.93	3.91E-260	2
Pgrmc1	2.40E-279	0.422871879	0.945	0.901	3.43E-275	2
Phyh	0	0.418995746	0.995	0.98	0	2
Gsta2	0	0.417001473	0.226	0.033	0	2
Fbp1	6.49E-272	0.416012903	0.976	0.92	9.27E-268	2
Gnmt	0	0.411073532	0.997	0.971	0	2
Selenow	8.79E-244	0.399171952	0.88	0.741	1.26E-239	2
Prdx1	1.14E-229	0.395743594	1	1	1.63E-225	2
Mrap	6.32E-233	0.39514043	0.653	0.38	9.03E-229	2
Tdo2	2.26E-215	0.389212369	0.989	0.947	3.23E-211	2
Igf1	6.93E-224	0.38881989	0.824	0.582	9.91E-220	2
Psen2	1.97E-217	0.388672297	0.896	0.813	2.81E-213	2
Gstm6	1.00E-224	0.386235054	0.754	0.564	1.43E-220	2
Scp2	0	0.386189757	1	0.999	0	2
Uox	1.50E-201	0.385891666	0.998	0.986	2.15E-197	2
Gapdh	2.81E-302	0.383965395	1	1	4.01E-298	2
Ly6e	3.29E-258	0.375076252	0.992	0.978	4.70E-254	2
Tuba1c	5.67E-197	0.370704861	0.904	0.858	8.10E-193	2
Lcn2	2.23E-141	0.368512377	0.997	0.959	3.19E-137	2
Fth1	1.53E-290	0.365054795	1	1	2.18E-286	2
Serpina1d	1.58E-286	0.361705418	1	1	2.26E-282	2
Prdx6	1.88E-223	0.360479059	0.991	0.983	2.69E-219	2
Reep6	1.00E-234	0.356896545	0.856	0.665	1.43E-230	2
Cpb2	5.75E-302	0.355461588	0.991	0.963	8.22E-298	2
Cyb5a	0	0.35211415	1	1	0	2
Sult1a1	4.29E-237	0.347811303	0.966	0.918	6.14E-233	2
Sqor	3.12E-216	0.344124174	0.854	0.666	4.46E-212	2
Anp32a	2.95E-190	0.339475355	0.748	0.576	4.21E-186	2
Aldh1l1	2.41E-145	0.337839534	0.714	0.564	3.44E-141	2
Ybx1	4.96E-220	0.335277143	0.963	0.919	7.08E-216	2
Ugp2	3.41E-141	0.328085647	0.898	0.846	4.87E-137	2
Hebp1	2.08E-199	0.327845251	0.916	0.832	2.98E-195	2
Slc10a1	3.78E-197	0.326236099	0.75	0.536	5.40E-193	2
Angptl3	7.54E-156	0.321310757	0.963	0.919	1.08E-151	2
Dap	3.77E-203	0.320438561	0.929	0.9	5.39E-199	2
Taldo1	9.14E-113	0.315189298	0.777	0.672	1.31E-108	2
Gpx4	2.56E-178	0.313761132	0.996	0.987	3.65E-174	2
Slpi	1.73E-83	0.311895573	0.721	0.583	2.47E-79	2
Haao	2.84E-170	0.310928603	0.89	0.771	4.06E-166	2
Hpd	8.43E-173	0.308166263	0.928	0.84	1.21E-168	2
Arg1	4.94E-159	0.306244558	0.914	0.848	7.06E-155	2
Cdo1	3.97E-174	0.305928113	0.917	0.858	5.68E-170	2
Etfb	1.46E-114	0.30524454	0.833	0.691	2.09E-110	2
Lgals9	3.76E-187	0.305094177	0.966	0.95	5.37E-183	2
Cyp2a12	2.73E-166	0.30414453	0.948	0.883	3.91E-162	2
A2ml1	7.72E-101	0.298838851	0.86	0.791	1.10E-96	2
Cyp2c70	1.71E-181	0.295926137	0.995	0.986	2.45E-177	2
Adh1	1.46E-153	0.292936531	0.991	0.978	2.09E-149	2
Akr1c6	7.45E-108	0.292372107	0.925	0.857	1.07E-103	2
Qdpr	7.08E-165	0.291081943	0.958	0.955	1.01E-160	2
Glyat	1.52E-161	0.290516207	0.795	0.613	2.17E-157	2
Ces1g	2.80E-207	0.289591396	0.222	0.061	4.00E-203	2
Akr1c18	1.71E-170	0.289321896	0.971	0.947	2.44E-166	2
Aldob	1.45E-152	0.289155381	0.996	0.991	2.07E-148	2
Cycs	5.33E-216	0.288594412	0.996	0.983	7.62E-212	2
Creg1	3.26E-70	0.287893103	0.94	0.94	4.66E-66	2
Nit2	1.15E-152	0.287352951	0.824	0.664	1.64E-148	2
Ube2v1	4.85E-146	0.286292524	0.727	0.573	6.93E-142	2
Etfa	6.33E-181	0.28526989	0.963	0.953	9.04E-177	2
Ccl9	4.60E-160	0.28338084	0.807	0.632	6.57E-156	2
Serpina12	1.34E-129	0.282211446	0.958	0.894	1.92E-125	2
Car3	1.79E-118	0.281930545	0.284	0.13	2.56E-114	2
Tecr	5.26E-164	0.281209974	0.958	0.945	7.51E-160	2
S100a10	4.41E-140	0.279137665	0.973	0.904	6.30E-136	2
Prdx5	2.82E-182	0.27807325	0.989	0.982	4.04E-178	2
Hrg	5.01E-171	0.277580283	0.999	0.985	7.15E-167	2
Slc48a1	1.11E-84	0.275474412	0.655	0.545	1.58E-80	2
Cyp3a11	1.17E-93	0.274470501	0.875	0.798	1.67E-89	2
Serpina1b	3.11E-159	0.274065369	1	1	4.44E-155	2
Ifitm3	2.83E-189	0.27373501	1	0.999	4.05E-185	2
Lamp1	1.98E-156	0.273482044	0.967	0.967	2.82E-152	2
Mpc1	8.12E-184	0.272263972	0.999	0.995	1.16E-179	2
Atp5c1	4.15E-167	0.271968023	0.989	0.978	5.93E-163	2
Adh5	7.88E-152	0.271447951	0.936	0.932	1.13E-147	2
Cmbl	1.33E-136	0.270635595	0.684	0.516	1.90E-132	2
Mdh1	2.47E-196	0.270397472	0.997	0.994	3.53E-192	2
Glo1	5.32E-159	0.269461368	0.843	0.676	7.61E-155	2
Arl6ip5	8.54E-95	0.269054535	0.567	0.415	1.22E-90	2
Psme1	2.51E-143	0.267283529	0.823	0.654	3.59E-139	2
Idi1	7.37E-113	0.266291384	0.828	0.775	1.05E-108	2
Myl12b	4.80E-113	0.265875924	0.927	0.892	6.85E-109	2
Ttpa	2.88E-125	0.265683962	0.619	0.461	4.11E-121	2
Copz1	4.43E-138	0.26489978	0.796	0.648	6.34E-134	2
Eif5a	4.42E-166	0.264764118	0.993	0.996	6.32E-162	2
Fxyd1	7.98E-143	0.264723992	0.828	0.656	1.14E-138	2
Mgst3	2.62E-78	0.264638042	0.694	0.57	3.74E-74	2
Serpina3k	7.65E-192	0.263472706	1	0.993	1.09E-187	2
Hibadh	9.56E-133	0.262106956	0.707	0.557	1.37E-128	2
Alb	2.15E-138	0.26201968	1	1	3.07E-134	2
Cd9	1.37E-45	0.261910543	0.902	0.92	1.96E-41	2
Bola3	1.16E-154	0.261247254	0.86	0.726	1.66E-150	2
Cyp2j5	2.70E-148	0.260709935	0.398	0.201	3.86E-144	2
Bag1	1.07E-123	0.260680953	0.77	0.627	1.52E-119	2
Ywhae	4.30E-127	0.258000649	0.821	0.681	6.15E-123	2
Dstn	1.07E-140	0.257664964	0.817	0.653	1.53E-136	2
Cdc42	2.44E-129	0.257300048	0.837	0.688	3.49E-125	2
Gdi2	5.23E-131	0.257059946	0.822	0.68	7.48E-127	2
Vapa	2.40E-127	0.257011977	0.874	0.842	3.43E-123	2
Sod2	1.21E-100	0.254906836	0.77	0.648	1.73E-96	2
Adk	4.08E-129	0.253601328	0.911	0.9	5.82E-125	2
Sumo2	6.56E-119	0.253004829	0.815	0.681	9.38E-115	2
Hsd11b1	1.56E-125	0.252756856	0.851	0.664	2.23E-121	2
Bnip3	3.49E-121	0.250721446	0.729	0.571	4.99E-117	2
Ttc36	1.46E-171	0.250710681	1	0.994	2.08E-167	2
Litaf	2.33E-135	0.249972138	0.765	0.608	3.33E-131	2
Hspd1	7.34E-129	0.248971924	0.961	0.966	1.05E-124	2
Hadh	1.47E-115	0.248327855	0.781	0.642	2.10E-111	2
Gchfr	4.32E-151	0.248127523	0.981	0.949	6.18E-147	2
Comt	2.17E-133	0.247863765	0.973	0.958	3.11E-129	2
Cops6	7.77E-129	0.246557646	0.818	0.667	1.11E-124	2
Hmgcl	7.19E-103	0.244831898	0.891	0.89	1.03E-98	2
Ndufv2	4.82E-130	0.243165134	0.829	0.679	6.89E-126	2
Cstb	8.74E-76	0.241850759	0.846	0.806	1.25E-71	2
Fah	5.70E-124	0.241593158	0.962	0.961	8.14E-120	2
Aldh8a1	1.10E-106	0.241466142	0.705	0.564	1.58E-102	2
Khk	9.27E-98	0.2413212	0.79	0.639	1.32E-93	2
Vdac1	1.18E-111	0.23995038	0.794	0.66	1.68E-107	2
Hal	8.01E-114	0.239538135	0.745	0.574	1.14E-109	2
Uqcrfs1	3.07E-126	0.239288452	0.975	0.978	4.38E-122	2
Tubb2a	5.37E-96	0.239223367	0.949	0.954	7.67E-92	2
Serping1	5.77E-109	0.239045388	0.963	0.937	8.24E-105	2
Mrpl42	1.50E-112	0.237658963	0.809	0.661	2.14E-108	2
Atp5f1	1.67E-134	0.237402416	0.98	0.975	2.39E-130	2
Sdhd	5.14E-117	0.237049365	0.817	0.673	7.35E-113	2
Gstt1	1.91E-125	0.236495488	0.962	0.946	2.74E-121	2
Ces2c	5.81E-88	0.236326627	0.535	0.372	8.30E-84	2
Ap3s1	5.29E-107	0.235743821	0.555	0.388	7.56E-103	2
Msra	6.08E-102	0.235296567	0.664	0.531	8.68E-98	2
Atp6v0c	6.60E-136	0.234633435	0.97	0.97	9.43E-132	2
Akr1d1	2.08E-161	0.233900019	0.33	0.145	2.98E-157	2
Aes	4.69E-112	0.232644895	0.928	0.924	6.70E-108	2
Cyp2f2	7.15E-182	0.23252378	0.159	0.034	1.02E-177	2
Bccip	1.39E-101	0.23238072	0.71	0.582	1.98E-97	2
Otc	2.26E-85	0.231640109	0.583	0.458	3.24E-81	2
Cd302	1.30E-138	0.231591889	0.991	0.984	1.86E-134	2
Pygl	8.09E-89	0.230904563	0.687	0.568	1.16E-84	2
Dynlrb1	1.37E-101	0.230399476	0.788	0.656	1.96E-97	2
Hnrnpa3	3.76E-99	0.230224566	0.906	0.881	5.37E-95	2
Cnbp	3.09E-99	0.229946606	0.918	0.909	4.41E-95	2
Rarres1	1.03E-113	0.22911611	0.521	0.337	1.47E-109	2
Asgr1	1.17E-135	0.228379933	0.99	0.974	1.67E-131	2
Calm2	8.49E-103	0.228249045	0.906	0.872	1.21E-98	2
Gm3776	1.16E-199	0.228193807	0.157	0.03	1.66E-195	2
Tspan31	5.39E-114	0.227643192	0.8	0.65	7.70E-110	2
Ube2d3	1.83E-104	0.226714358	0.886	0.867	2.62E-100	2
Idh1	8.14E-91	0.226668931	0.825	0.737	1.16E-86	2
Gclm	3.44E-79	0.225757936	0.787	0.67	4.92E-75	2
Pnpla7	6.41E-100	0.225637683	0.987	0.979	9.16E-96	2
Gstz1	6.33E-118	0.224995398	0.948	0.93	9.05E-114	2
Snx3	1.69E-97	0.224366131	0.761	0.638	2.42E-93	2
Wfdc21	8.21E-95	0.224328884	0.871	0.73	1.17E-90	2
Glrx	4.70E-99	0.223579833	0.392	0.238	6.72E-95	2
Tpi1	4.90E-106	0.223576782	0.983	0.991	7.01E-102	2
Txn1	3.90E-88	0.223238111	0.742	0.61	5.57E-84	2
Cyp2a4	5.60E-38	0.221839211	0.935	0.92	8.00E-34	2
Ubxn1	3.46E-86	0.221542441	0.897	0.872	4.95E-82	2
B2m	3.17E-145	0.22130838	1	0.998	4.53E-141	2
Hp	4.15E-88	0.220121087	1	0.997	5.93E-84	2
Skp1a	2.59E-113	0.219276488	0.865	0.757	3.71E-109	2
Prdx3	1.64E-72	0.219087615	0.859	0.857	2.34E-68	2
Car8	5.27E-89	0.218211508	0.792	0.66	7.53E-85	2
Rarres2	6.85E-121	0.216844223	0.984	0.947	9.79E-117	2
Park7	2.70E-87	0.21634527	0.912	0.906	3.86E-83	2
Decr2	7.85E-115	0.216019078	0.391	0.22	1.12E-110	2
Hao1	1.09E-98	0.215835856	0.742	0.599	1.55E-94	2
Srxn1	2.64E-81	0.215660468	0.217	0.106	3.77E-77	2
Scd1	1.36E-39	0.215458437	0.9	0.903	1.95E-35	2
Ran	1.33E-74	0.215321798	0.897	0.887	1.91E-70	2
Pfn1	2.46E-100	0.215314232	0.961	0.957	3.51E-96	2
Glrx5	5.68E-75	0.21308805	0.752	0.64	8.12E-71	2
Mpc2	4.28E-135	0.213053765	0.995	0.969	6.12E-131	2
Hgd	2.87E-74	0.21302837	0.627	0.517	4.11E-70	2
Cfhr2	1.10E-109	0.212356525	0.967	0.963	1.57E-105	2
Acy3	1.91E-73	0.212349384	0.484	0.346	2.74E-69	2
Msrb1	6.99E-99	0.212030446	0.79	0.646	9.99E-95	2
Bst2	1.32E-79	0.211981334	0.941	0.925	1.89E-75	2
Vdac3	1.52E-83	0.211801926	0.773	0.659	2.17E-79	2
Atp5g3	5.41E-137	0.210663594	1	1	7.73E-133	2
Perp	8.28E-91	0.210457247	0.724	0.597	1.18E-86	2
Gsr	4.54E-73	0.209413816	0.319	0.195	6.49E-69	2
Cth	1.20E-78	0.209145933	0.712	0.597	1.71E-74	2
Echs1	4.38E-99	0.208833238	0.951	0.956	6.27E-95	2
Selenbp1	1.19E-31	0.208110944	0.841	0.874	1.70E-27	2
Acp1	1.54E-88	0.207793047	0.759	0.643	2.20E-84	2
Fam162a	1.34E-87	0.206280283	0.773	0.642	1.91E-83	2
Mtch2	1.61E-86	0.205225479	0.797	0.676	2.30E-82	2
Cmpk1	1.01E-87	0.20511896	0.698	0.58	1.45E-83	2
Ugdh	2.43E-78	0.204696707	0.276	0.153	3.47E-74	2
Ugt2b36	3.73E-79	0.204481749	0.808	0.673	5.33E-75	2
Lap3	4.63E-87	0.204391835	0.89	0.855	6.62E-83	2
Suclg2	1.76E-65	0.203979813	0.564	0.463	2.52E-61	2
Gbe1	2.66E-99	0.203665491	0.264	0.131	3.80E-95	2
Insig2	1.41E-80	0.203653701	0.673	0.548	2.01E-76	2
Hnrnpk	4.62E-91	0.203016827	0.807	0.68	6.60E-87	2
Qprt	1.92E-78	0.202713566	0.833	0.696	2.74E-74	2
Azgp1	1.56E-113	0.201294045	1	0.998	2.23E-109	2
Pgam1	6.99E-84	0.200763787	0.814	0.691	1.00E-79	2
Gng12	4.00E-78	0.200530856	0.589	0.443	5.72E-74	2
Cyp2e1	0	2.162738225	0.832	0.121	0	3
Lect2	0	1.463561056	0.976	0.743	0	3
Serpina7	0	1.450505695	0.693	0.135	0	3
Hamp	3.00E-30	1.44222112	0.391	0.303	4.28E-26	3
Rnase4	0	1.402747082	0.858	0.596	0	3
Ang	0	1.316324234	0.814	0.423	0	3
Afp	1.84E-67	1.236227919	0.736	0.718	2.63E-63	3
Ctsl	0	1.187555213	0.995	0.99	0	3
Rgn	1.25E-298	1.176104959	0.572	0.196	1.79E-294	3
Pon1	0	1.099178038	0.864	0.366	0	3
Hspa5	0	1.094281749	0.985	0.962	0	3
Igfbp1	0	1.090117105	0.998	0.996	0	3
Gulo	0	1.045938494	0.849	0.323	0	3
Slco1b2	0	0.898193727	0.609	0.128	0	3
Sprr1a	7.93E-17	0.881620706	0.114	0.062	1.13E-12	3
Dnajc3	0	0.881584302	0.992	0.963	0	3
P4hb	0	0.876927965	0.999	0.999	0	3
Sqstm1	1.01E-212	0.828682734	0.849	0.618	1.44E-208	3
Gpc3	1.50E-301	0.822578118	0.649	0.262	2.15E-297	3
Srm	0	0.815014338	0.802	0.428	0	3
Rplp0	0	0.804777004	0.999	0.987	0	3
Srpr	0	0.788433689	0.909	0.594	0	3
Gstm2	7.33E-296	0.787188984	0.839	0.473	1.05E-291	3
Hsp90b1	0	0.778386972	0.999	0.994	0	3
Cyp1a2	5.97E-133	0.743772279	0.608	0.341	8.53E-129	3
Eef2	0	0.72714363	0.96	0.735	0	3
Atf5	4.61E-210	0.708327534	0.772	0.506	6.58E-206	3
Derl1	5.43E-291	0.704052714	0.897	0.658	7.76E-287	3
Nupr1	2.47E-198	0.699660331	0.222	0.041	3.53E-194	3
Creld2	2.18E-114	0.690044701	0.702	0.503	3.11E-110	3
Fkbp11	1.02E-220	0.687521499	0.953	0.918	1.46E-216	3
Lman1	0	0.672959417	0.907	0.625	0	3
Hsp90ab1	0	0.670794914	0.999	0.991	0	3
Hdlbp	0	0.668872937	0.921	0.63	0	3
Igfbp2	6.71E-131	0.666590203	0.842	0.714	9.59E-127	3
Sdf2l1	4.10E-223	0.663843474	0.732	0.431	5.86E-219	3
Trabd	0	0.6595612	0.711	0.262	0	3
Oat	0	0.659069635	0.542	0.058	0	3
H13	4.98E-280	0.650311281	0.872	0.61	7.11E-276	3
Akr1c6	4.64E-100	0.649534625	0.842	0.876	6.63E-96	3
Tmed9	0	0.64349995	0.866	0.564	0	3
Neat1	0	0.621227884	0.667	0.189	0	3
Apob	6.85E-282	0.620174347	0.966	0.883	9.78E-278	3
Agt	1.94E-199	0.619627339	0.959	0.934	2.77E-195	3
Rpsa	0	0.613312824	1	0.997	0	3
Anxa2	2.31E-207	0.613243031	0.875	0.635	3.31E-203	3
Pdia6	2.80E-304	0.611882812	0.994	0.989	4.01E-300	3
Krt8	1.84E-129	0.608501341	0.917	0.869	2.63E-125	3
Gm26917	1.99E-198	0.605225772	0.538	0.239	2.85E-194	3
Calr	7.42E-287	0.60350126	0.911	0.714	1.06E-282	3
Malat1	3.56E-225	0.602448515	0.948	0.851	5.09E-221	3
Sec61a1	0	0.600611454	0.757	0.281	0	3
Mettl7b	3.91E-160	0.598986844	0.934	0.892	5.59E-156	3
Slc13a3	0	0.598803446	0.478	0.061	0	3
Ldha	2.84E-255	0.590917102	0.995	0.993	4.06E-251	3
Serp1	4.80E-185	0.587511101	0.94	0.914	6.86E-181	3
Eef1a1	1.80E-302	0.583584537	1	0.999	2.58E-298	3
Vcp	0	0.58102445	0.821	0.441	0	3
Abcc2	0	0.579645833	0.729	0.217	0	3
Cope	0	0.579164078	0.981	0.889	0	3
Ddost	1.04E-301	0.577526167	0.921	0.656	1.49E-297	3
Selenos	4.83E-264	0.576744227	0.948	0.883	6.90E-260	3
Cyp2a5	1.45E-136	0.573408556	0.523	0.247	2.07E-132	3
Slc35b1	1.74E-281	0.571632402	0.912	0.648	2.48E-277	3
Ssr3	1.64E-261	0.570266868	0.856	0.569	2.34E-257	3
Rpl18	0	0.568022548	1	0.998	0	3
H2-D1	1.34E-201	0.565809795	0.966	0.925	1.92E-197	3
Id3	2.79E-79	0.565308394	0.473	0.277	3.99E-75	3
Pdia3	8.19E-236	0.562697568	0.984	0.966	1.17E-231	3
Fn1	8.65E-188	0.561435804	0.859	0.666	1.24E-183	3
Rack1	1.30E-274	0.561225114	0.923	0.673	1.86E-270	3
Rpl18a	0	0.560400341	1	0.999	0	3
Tmed3	0	0.553279759	0.675	0.226	0	3
Edem2	0	0.552560887	0.679	0.195	0	3
Lrg1	1.64E-98	0.548785088	0.913	0.993	2.34E-94	3
Plpp5	0	0.546900888	0.637	0.22	0	3
Mcfd2	1.12E-220	0.546259094	0.89	0.655	1.61E-216	3
Surf4	8.07E-290	0.544085816	0.941	0.714	1.15E-285	3
Creg1	7.90E-199	0.541145382	0.974	0.937	1.13E-194	3
Rpl8	1.52E-300	0.53947985	0.997	0.989	2.17E-296	3
Manf	3.76E-101	0.536642069	0.914	0.934	5.37E-97	3
Saraf	0	0.535279609	0.605	0.178	0	3
Actb	1.84E-244	0.527883921	1	0.998	2.63E-240	3
Ier3	9.05E-93	0.527722788	0.417	0.201	1.29E-88	3
Sord	1.01E-153	0.526384886	0.753	0.543	1.45E-149	3
Cd14	1.20E-231	0.52461501	0.46	0.144	1.72E-227	3
Slc22a1	3.95E-291	0.51736155	0.597	0.207	5.65E-287	3
Cp	3.24E-149	0.517200193	0.915	0.897	4.63E-145	3
Smim14	6.94E-211	0.51289551	0.849	0.615	9.92E-207	3
Csn3	4.16E-187	0.51209774	0.429	0.15	5.94E-183	3
Itih2	7.06E-266	0.51204631	0.974	0.886	1.01E-261	3
Serpinb6a	3.76E-181	0.511557145	0.5	0.199	5.38E-177	3
Ugt2b34	1.30E-299	0.511035747	0.706	0.283	1.86E-295	3
Kyat1	2.57E-90	0.502483224	0.689	0.527	3.67E-86	3
Glud1	3.32E-177	0.501492355	0.995	0.999	4.74E-173	3
Cyp2d9	2.06E-139	0.501380201	0.75	0.531	2.94E-135	3
1810058I24Rik	2.69E-183	0.499207439	0.853	0.595	3.85E-179	3
Rpn2	2.19E-264	0.495743853	0.819	0.478	3.12E-260	3
Ssr2	1.80E-227	0.495270206	0.929	0.773	2.57E-223	3
Mdh2	7.53E-219	0.490396779	0.937	0.758	1.08E-214	3
Hsd3b7	7.55E-171	0.490106456	0.747	0.482	1.08E-166	3
Angptl8	7.74E-08	0.490077639	0.706	0.812	0.001106247	3
Clptm1l	0	0.488664027	0.618	0.159	0	3
Slc48a1	4.82E-160	0.488053448	0.794	0.548	6.89E-156	3
Cyp27a1	0	0.487723648	0.612	0.15	0	3
Erp29	9.85E-227	0.48763893	0.823	0.529	1.41E-222	3
Rpl4	3.96E-264	0.486939479	0.976	0.865	5.66E-260	3
Eif5	1.42E-158	0.485958717	0.849	0.615	2.04E-154	3
Cyp2c29	1.60E-97	0.483454105	0.393	0.183	2.29E-93	3
Rpl13	3.13E-290	0.483131694	1	0.999	4.47E-286	3
Eif4ebp1	5.55E-191	0.480404806	0.889	0.655	7.93E-187	3
Eif3f	2.03E-193	0.47880036	0.833	0.581	2.90E-189	3
Rpn1	2.78E-236	0.478116379	0.844	0.549	3.97E-232	3
Rab3d	0	0.475425335	0.532	0.097	0	3
Rnh1	2.59E-223	0.475246568	0.831	0.536	3.70E-219	3
Get4	2.52E-302	0.474961016	0.691	0.272	3.61E-298	3
H2-K1	5.53E-231	0.474642597	0.994	0.975	7.90E-227	3
Tubb5	4.05E-121	0.474004543	0.784	0.608	5.78E-117	3
Rabac1	2.89E-239	0.470405961	0.655	0.282	4.13E-235	3
Ctsd	3.99E-231	0.466175421	0.87	0.593	5.70E-227	3
Vmp1	7.46E-155	0.465539217	0.82	0.605	1.07E-150	3
Stard10	5.86E-185	0.465249294	0.967	0.973	8.37E-181	3
Rps8	9.84E-302	0.464849509	1	1	1.41E-297	3
Eef1g	2.31E-225	0.464782341	0.874	0.596	3.31E-221	3
Sult1e1	2.18E-133	0.463201076	0.249	0.071	3.11E-129	3
Hspa9	1.05E-146	0.462216544	0.785	0.561	1.49E-142	3
Guk1	1.23E-214	0.46201337	0.839	0.558	1.75E-210	3
Cebpb	8.45E-190	0.46152567	0.891	0.718	1.21E-185	3
Nucb2	0	0.46090557	0.525	0.115	0	3
Tst	1.76E-235	0.458360998	0.982	0.94	2.51E-231	3
Rexo2	3.79E-187	0.457273085	0.912	0.735	5.41E-183	3
Tmem56	0	0.456629424	0.567	0.179	0	3
Id1	2.42E-142	0.455892101	0.321	0.107	3.45E-138	3
Akr1a1	9.60E-266	0.454880521	0.99	0.936	1.37E-261	3
Map2k2	3.05E-234	0.451019352	0.872	0.576	4.36E-230	3
Dad1	5.49E-248	0.448891073	0.996	0.98	7.85E-244	3
Tcf25	0	0.448142419	0.688	0.255	0	3
C3	1.28E-159	0.447804054	0.966	0.946	1.83E-155	3
S100g	1.44E-149	0.447745831	0.209	0.046	2.06E-145	3
Rps4x	2.66E-250	0.446798045	0.998	0.998	3.81E-246	3
Reep5	2.48E-200	0.446472599	0.846	0.565	3.54E-196	3
Plbd1	0	0.445400689	0.524	0.108	0	3
Uba5	1.64E-262	0.443657475	0.648	0.257	2.35E-258	3
Eif3c	3.16E-207	0.441132077	0.758	0.433	4.51E-203	3
Por	0	0.440443426	0.597	0.178	0	3
Pebp1	2.20E-208	0.436147581	0.899	0.643	3.14E-204	3
Tmsb10	1.88E-27	0.435154842	0.499	0.381	2.69E-23	3
Id2	2.59E-73	0.432828614	0.733	0.61	3.70E-69	3
Tmed2	2.50E-153	0.429889499	0.962	0.936	3.57E-149	3
Osgin1	1.30E-225	0.429046026	0.533	0.192	1.86E-221	3
Pah	1.35E-142	0.427575283	0.742	0.498	1.93E-138	3
Eif6	2.40E-159	0.427263908	0.855	0.623	3.43E-155	3
Sec11c	2.86E-172	0.425804062	0.856	0.629	4.09E-168	3
Akr1b3	2.15E-285	0.425691029	0.54	0.166	3.08E-281	3
Chchd10	1.64E-116	0.425454311	0.983	0.981	2.34E-112	3
Ssr4	7.43E-224	0.422012211	0.999	0.99	1.06E-219	3
Rab2a	1.44E-188	0.421881768	0.849	0.593	2.05E-184	3
Pdia4	1.48E-121	0.421612865	0.771	0.554	2.12E-117	3
Pgk1	1.23E-197	0.421317666	0.977	0.903	1.76E-193	3
Tram1	2.92E-204	0.421061934	0.823	0.534	4.17E-200	3
Eef1b2	6.48E-153	0.417022306	0.948	0.863	9.26E-149	3
Kdelr1	1.62E-171	0.416460442	0.899	0.687	2.32E-167	3
Ubxn4	2.24E-176	0.414090898	0.778	0.49	3.20E-172	3
Txndc5	2.32E-196	0.412754701	0.692	0.364	3.31E-192	3
Rrbp1	4.28E-201	0.412248184	0.985	0.948	6.11E-197	3
Eif5a	1.71E-226	0.411515462	0.997	0.995	2.45E-222	3
Adrm1	1.77E-175	0.409212949	0.79	0.516	2.53E-171	3
Serpinf2	2.91E-202	0.407655278	0.996	0.99	4.16E-198	3
Serpina6	1.90E-187	0.406994505	0.286	0.07	2.72E-183	3
Tubb4b	2.13E-110	0.405481282	0.893	0.848	3.04E-106	3
mt-Cytb	1.25E-181	0.404836883	0.997	0.983	1.79E-177	3
Ift20	2.24E-157	0.403952164	0.861	0.644	3.20E-153	3
Rpl10a	4.15E-199	0.40250905	0.996	0.98	5.93E-195	3
Os9	1.32E-238	0.399828829	0.637	0.256	1.88E-234	3
Gmppb	0	0.399634574	0.516	0.145	0	3
Fbxw9	2.25E-268	0.399038508	0.527	0.169	3.22E-264	3
Spcs2	7.85E-215	0.398899861	0.997	0.991	1.12E-210	3
Nars	2.47E-239	0.39858989	0.659	0.268	3.53E-235	3
Lpl	1.02E-199	0.394854346	0.644	0.29	1.46E-195	3
Mfge8	1.39E-226	0.391760703	0.45	0.141	1.98E-222	3
Serpina3n	6.27E-50	0.391595838	0.732	0.656	8.96E-46	3
Slc25a39	1.94E-208	0.391239699	0.996	0.985	2.77E-204	3
Bdh1	2.06E-149	0.391126335	0.711	0.446	2.95E-145	3
Lonp1	0	0.390775142	0.426	0.088	0	3
Spint2	2.17E-186	0.39049631	0.832	0.551	3.11E-182	3
Cyp2a22	5.53E-282	0.390320854	0.201	0.022	7.91E-278	3
Nans	1.75E-298	0.3901209	0.587	0.184	2.50E-294	3
Stt3a	5.63E-248	0.389255701	0.64	0.25	8.05E-244	3
Trib3	3.38E-120	0.389131072	0.283	0.096	4.83E-116	3
Slc6a13	1.09E-123	0.38904859	0.859	0.697	1.56E-119	3
Pzp	5.33E-99	0.3874071	0.966	0.974	7.62E-95	3
Rplp1	9.32E-139	0.386876727	0.982	0.936	1.33E-134	3
Mia3	1.79E-301	0.384531026	0.493	0.136	2.56E-297	3
Aldh2	2.29E-145	0.381107617	0.988	0.971	3.27E-141	3
Chd9	1.56E-93	0.377768332	0.675	0.479	2.22E-89	3
S100a11	5.86E-51	0.376666872	0.568	0.392	8.37E-47	3
Ahsg	1.91E-133	0.375777632	1	1	2.73E-129	3
Ghitm	6.28E-107	0.374327739	0.859	0.723	8.98E-103	3
Fermt2	5.71E-263	0.372603344	0.598	0.21	8.16E-259	3
Gabarap	7.53E-158	0.372164604	0.99	0.971	1.08E-153	3
Rps3	4.22E-143	0.369676414	0.994	0.979	6.03E-139	3
Rpl3	3.79E-159	0.369242153	0.983	0.948	5.41E-155	3
Rpl29	1.23E-186	0.368060262	1	0.994	1.76E-182	3
Tmem97	2.33E-120	0.367406629	0.861	0.675	3.33E-116	3
Mia2	1.26E-159	0.367398781	0.694	0.395	1.80E-155	3
Yipf5	4.16E-138	0.367147212	0.704	0.428	5.95E-134	3
Arpc1b	2.80E-147	0.366878703	0.956	0.906	4.01E-143	3
Preb	4.23E-259	0.365140418	0.563	0.191	6.04E-255	3
Srp9	8.95E-159	0.365045237	0.976	0.956	1.28E-154	3
Psat1	0	0.364908044	0.453	0.109	0	3
Ccdc47	1.02E-220	0.36404989	0.56	0.212	1.45E-216	3
Prkcsh	1.03E-165	0.36346563	0.723	0.421	1.48E-161	3
Grhpr	5.83E-153	0.361114586	0.974	0.944	8.33E-149	3
Npdc1	0	0.360497078	0.412	0.092	0	3
Rpl9-ps6	1.30E-161	0.359865889	1	0.993	1.86E-157	3
Prdx3	1.92E-147	0.359835721	0.938	0.849	2.75E-143	3
Prdx4	3.10E-160	0.359689235	0.939	0.828	4.44E-156	3
Gps1	8.45E-234	0.358459996	0.58	0.216	1.21E-229	3
Calm1	2.70E-135	0.358197026	0.976	0.967	3.86E-131	3
Pabpc1	1.76E-115	0.358126537	0.769	0.552	2.51E-111	3
Aldoa	1.46E-95	0.357767817	0.788	0.608	2.08E-91	3
Ssr1	1.34E-293	0.357763185	0.577	0.179	1.92E-289	3
Tspo	2.22E-123	0.357550888	0.919	0.787	3.17E-119	3
Nme6	2.22E-164	0.357167787	0.564	0.248	3.17E-160	3
Trmt112	2.35E-147	0.357044738	0.895	0.691	3.36E-143	3
Eprs	3.46E-151	0.355851026	0.672	0.373	4.94E-147	3
Rps3a1	9.95E-175	0.354168285	1	0.999	1.42E-170	3
Lman2	2.50E-156	0.353449323	0.74	0.46	3.57E-152	3
Itih4	2.60E-115	0.353243659	0.917	0.835	3.72E-111	3
Txn2	1.95E-85	0.351340513	0.929	0.896	2.78E-81	3
Rps2	3.95E-165	0.349938148	1	1	5.65E-161	3
Eif4g2	3.86E-189	0.347510546	0.621	0.274	5.51E-185	3
mt-Nd4l	4.36E-155	0.347455724	0.995	0.966	6.23E-151	3
Selenom	8.62E-235	0.346532772	0.435	0.125	1.23E-230	3
Rpl7	5.16E-131	0.346082972	0.97	0.902	7.37E-127	3
Arpc5l	1.83E-111	0.345778039	0.767	0.562	2.62E-107	3
Slc39a7	8.14E-255	0.345645523	0.513	0.162	1.16E-250	3
Eif4g1	5.21E-256	0.3452603	0.537	0.175	7.45E-252	3
Cxcl1	5.80E-07	0.344014342	0.563	0.588	0.008285344	3
Sdf4	1.61E-145	0.342972647	0.789	0.522	2.31E-141	3
Ifrd1	4.11E-32	0.342887238	0.562	0.45	5.87E-28	3
F5	6.74E-150	0.342810306	0.647	0.346	9.64E-146	3
Mar-05	1.05E-102	0.342668555	0.78	0.594	1.50E-98	3
Grina	2.26E-130	0.342647631	0.877	0.698	3.23E-126	3
Lmna	4.41E-259	0.341661335	0.47	0.137	6.30E-255	3
Ubc	6.69E-103	0.341562336	0.865	0.658	9.56E-99	3
Tm9sf3	5.22E-225	0.341480057	0.589	0.224	7.46E-221	3
Rpl6	1.44E-146	0.340962386	0.999	0.995	2.05E-142	3
Rpl11	4.79E-201	0.340558808	1	1	6.85E-197	3
C4b	2.12E-114	0.339546107	0.629	0.38	3.03E-110	3
Plin2	4.79E-87	0.337558938	0.817	0.656	6.84E-83	3
Itm2c	4.48E-103	0.335642758	0.679	0.462	6.40E-99	3
Tax1bp1	2.79E-131	0.334641788	0.845	0.627	3.99E-127	3
Saa1	9.89E-17	0.33457409	0.196	0.126	1.41E-12	3
Tubb6	4.19E-174	0.334331743	0.533	0.22	5.99E-170	3
Cdh17	0	0.334028078	0.29	0.031	0	3
Gorasp2	2.25E-128	0.333456081	0.656	0.382	3.21E-124	3
Mtdh	2.89E-184	0.332976832	0.637	0.29	4.13E-180	3
Gnb2	8.20E-147	0.332654136	0.909	0.684	1.17E-142	3
Nags	2.55E-212	0.332466459	0.557	0.211	3.65E-208	3
Tpr	1.28E-185	0.332020885	0.609	0.262	1.83E-181	3
Rpl28	4.10E-147	0.331689419	0.999	0.992	5.85E-143	3
Iqgap2	9.93E-201	0.331669706	0.548	0.21	1.42E-196	3
Srrm2	3.09E-137	0.331074987	0.709	0.433	4.42E-133	3
Ppib	9.07E-192	0.329219093	1	1	1.30E-187	3
Golgb1	4.53E-229	0.328898488	0.529	0.183	6.47E-225	3
Eif1	1.54E-101	0.327014255	0.998	0.997	2.20E-97	3
Tmed5	7.51E-169	0.326857924	0.634	0.303	1.07E-164	3
Rps5	1.63E-84	0.325978771	0.986	0.97	2.33E-80	3
Dnajb9	1.30E-174	0.325526866	0.452	0.166	1.85E-170	3
Anxa7	5.16E-191	0.324842133	0.529	0.204	7.38E-187	3
Pkm	0	0.324835097	0.221	0.022	0	3
Hpn	6.77E-148	0.324480045	0.952	0.8	9.67E-144	3
Trf	3.32E-74	0.324434642	0.988	0.994	4.74E-70	3
Pink1	6.16E-140	0.323911686	0.634	0.341	8.81E-136	3
Psmd8	1.17E-78	0.323546757	0.858	0.702	1.67E-74	3
Hint1	5.34E-171	0.32310936	0.999	0.998	7.63E-167	3
Edem1	7.25E-209	0.323057062	0.544	0.202	1.04E-204	3
H1f0	6.54E-72	0.322908438	0.824	0.716	9.35E-68	3
Apoa5	2.29E-108	0.322690971	0.473	0.231	3.28E-104	3
Lcn2	6.42E-37	0.322609922	0.984	0.966	9.17E-33	3
Arcn1	1.07E-201	0.322448797	0.576	0.225	1.53E-197	3
Sult1d1	1.29E-79	0.322434572	0.575	0.361	1.85E-75	3
C4bp	3.52E-99	0.320679304	0.953	0.951	5.03E-95	3
Rpl14	1.04E-114	0.318939312	0.99	0.956	1.49E-110	3
Npm1	1.58E-49	0.31765692	0.719	0.582	2.25E-45	3
Rps11	1.16E-121	0.317571539	0.996	0.981	1.66E-117	3
Dnajb11	8.11E-99	0.317064942	0.779	0.58	1.16E-94	3
Yrdc	1.07E-179	0.316189597	0.503	0.194	1.53E-175	3
Pon2	1.36E-164	0.31562744	0.603	0.276	1.95E-160	3
Hspa8	5.73E-73	0.315483978	0.991	0.986	8.19E-69	3
Selenof	3.08E-109	0.315438655	0.89	0.756	4.41E-105	3
Fau	4.95E-179	0.314911383	1	1	7.07E-175	3
Bckdha	1.20E-213	0.314861178	0.45	0.146	1.72E-209	3
Mvb12a	1.46E-127	0.313792822	0.827	0.594	2.08E-123	3
Aox3	4.58E-300	0.313033568	0.377	0.079	6.54E-296	3
Ces2c	6.73E-71	0.312875562	0.598	0.39	9.61E-67	3
H2-T22	3.15E-89	0.311824027	0.814	0.628	4.51E-85	3
Mlec	1.32E-232	0.310722481	0.491	0.158	1.89E-228	3
Psmd2	3.18E-213	0.310650954	0.504	0.175	4.54E-209	3
Tmed4	3.93E-143	0.310326224	0.601	0.297	5.62E-139	3
Imp3	2.91E-151	0.309640254	0.59	0.281	4.16E-147	3
Ddit4	3.16E-49	0.308884933	0.348	0.195	4.51E-45	3
Ltbr	9.08E-174	0.308868917	0.576	0.245	1.30E-169	3
1110008F13Rik	8.81E-125	0.308359756	0.916	0.787	1.26E-120	3
Ifrd2	8.99E-190	0.307131054	0.396	0.124	1.28E-185	3
Tor2a	3.55E-192	0.306041036	0.527	0.2	5.07E-188	3
Efna1	2.64E-61	0.304353177	0.786	0.66	3.77E-57	3
Slc27a2	1.44E-55	0.304272899	0.874	0.767	2.06E-51	3
Tm9sf2	1.10E-170	0.304222034	0.565	0.241	1.57E-166	3
Sec62	4.87E-133	0.3038117	0.826	0.579	6.97E-129	3
Ddrgk1	8.32E-132	0.30372724	0.886	0.664	1.19E-127	3
Anxa5	1.47E-25	0.303619725	0.884	0.944	2.10E-21	3
Cyp2d40	4.50E-162	0.303198967	0.352	0.111	6.43E-158	3
Lrrc59	1.19E-238	0.303113919	0.436	0.125	1.70E-234	3
App	7.64E-206	0.303086899	0.376	0.107	1.09E-201	3
Tbrg1	2.20E-106	0.301817767	0.704	0.454	3.14E-102	3
Mt2	1.58E-34	0.301744532	0.645	0.556	2.25E-30	3
Akr1b7	2.11E-148	0.301175526	0.301	0.089	3.01E-144	3
Ephx1	4.41E-106	0.301080994	0.507	0.249	6.31E-102	3
F2	1.44E-109	0.300823285	0.997	0.993	2.06E-105	3
Krt18	5.63E-78	0.300011379	0.999	0.999	8.04E-74	3
Grn	5.40E-163	0.29995559	0.548	0.233	7.72E-159	3
Rpl19	5.14E-124	0.29980868	0.999	0.997	7.34E-120	3
Rpl23	6.33E-122	0.299243783	1	0.996	9.05E-118	3
Cyp2d10	7.76E-119	0.299124577	0.963	0.896	1.11E-114	3
Riok3	2.92E-182	0.298931013	0.508	0.191	4.17E-178	3
Cct7	3.38E-109	0.29892566	0.7	0.457	4.83E-105	3
Kdelr2	9.13E-84	0.298884934	0.727	0.544	1.31E-79	3
Ifngr1	4.33E-105	0.298820719	0.524	0.275	6.19E-101	3
Asns	0	0.29806618	0.354	0.06	0	3
Mrps18b	5.13E-81	0.297488418	0.64	0.433	7.33E-77	3
Eif3a	1.88E-189	0.29731444	0.492	0.18	2.69E-185	3
Dhrs1	5.32E-100	0.296975695	0.747	0.536	7.60E-96	3
Psmd13	2.91E-116	0.29625323	0.677	0.413	4.16E-112	3
Creb3l3	4.67E-118	0.295334902	0.622	0.352	6.68E-114	3
Tmem248	2.96E-173	0.294818362	0.537	0.217	4.23E-169	3
Sars	3.28E-152	0.294419408	0.509	0.213	4.69E-148	3
Gpt2	1.31E-148	0.293916728	0.447	0.177	1.87E-144	3
Dnpep	1.79E-164	0.293482654	0.558	0.241	2.56E-160	3
Psmd1	5.65E-184	0.293417871	0.513	0.196	8.08E-180	3
Apoe	5.41E-125	0.293416324	1	1	7.73E-121	3
Rps19	2.93E-83	0.29340959	0.947	0.871	4.19E-79	3
Wasl	2.20E-168	0.293327388	0.597	0.265	3.15E-164	3
Psmb5	2.05E-105	0.292905573	0.956	0.899	2.93E-101	3
C1rl	3.43E-156	0.292533175	0.548	0.237	4.90E-152	3
Copb1	1.59E-177	0.29168682	0.452	0.163	2.27E-173	3
Eif3j1	1.97E-150	0.291000006	0.565	0.253	2.81E-146	3
Cct2	8.80E-165	0.290649549	0.525	0.214	1.26E-160	3
Serinc1	4.55E-185	0.290479468	0.526	0.202	6.50E-181	3
Arf1	1.35E-111	0.289846459	0.957	0.914	1.93E-107	3
Rps16	5.60E-125	0.289399777	1	0.999	8.01E-121	3
Tbc1d15	4.74E-161	0.289125061	0.513	0.211	6.78E-157	3
Leprotl1	2.14E-169	0.289025345	0.532	0.216	3.06E-165	3
Dus1l	1.02E-191	0.289017049	0.46	0.159	1.46E-187	3
Hax1	6.50E-141	0.288671409	0.542	0.245	9.29E-137	3
mt-Nd5	5.68E-99	0.288381199	0.956	0.89	8.11E-95	3
Eif4a1	2.58E-152	0.287687389	0.604	0.281	3.69E-148	3
Copb2	1.82E-170	0.286898795	0.522	0.208	2.61E-166	3
Rpl5	2.74E-96	0.285743275	0.894	0.761	3.91E-92	3
Ap2m1	2.69E-102	0.285433331	0.842	0.643	3.85E-98	3
Morf4l2	2.88E-127	0.285394628	0.518	0.24	4.12E-123	3
Cdk5rap3	9.00E-141	0.285269358	0.621	0.312	1.29E-136	3
Tmem258	2.00E-105	0.284952298	0.95	0.889	2.86E-101	3
Fos	2.86E-32	0.284791412	0.679	0.59	4.08E-28	3
Gcgr	5.32E-103	0.284220204	0.624	0.376	7.60E-99	3
Dcaf11	1.38E-158	0.283703364	0.532	0.223	1.97E-154	3
Ppt2	1.22E-178	0.28362893	0.443	0.156	1.74E-174	3
Hspa13	4.70E-252	0.283348652	0.395	0.1	6.72E-248	3
Eif3d	1.15E-172	0.283093354	0.5	0.193	1.64E-168	3
Scand1	4.34E-94	0.282117834	0.765	0.566	6.20E-90	3
Stt3b	1.81E-210	0.281955635	0.444	0.14	2.58E-206	3
Arhgdia	9.32E-137	0.281946204	0.532	0.241	1.33E-132	3
Nedd4	2.12E-97	0.281836896	0.662	0.426	3.04E-93	3
Psmb4	1.24E-106	0.28067322	0.85	0.64	1.77E-102	3
Ddx24	5.34E-174	0.279576823	0.508	0.199	7.64E-170	3
Ddit3	8.51E-69	0.279337617	0.206	0.076	1.22E-64	3
Spcs1	2.70E-125	0.279153357	0.997	0.992	3.86E-121	3
Acsl4	7.03E-135	0.278535223	0.487	0.212	1.01E-130	3
Hsp90aa1	4.13E-187	0.278314387	0.418	0.136	5.90E-183	3
Mgat2	1.95E-160	0.27814445	0.442	0.166	2.79E-156	3
Mbl2	0.000442885	0.278049538	0.43	0.425	1	3
Exosc5	2.55E-176	0.278014877	0.445	0.158	3.64E-172	3
Aamp	2.00E-95	0.277936341	0.713	0.496	2.86E-91	3
Pgm3	1.92E-183	0.277698337	0.431	0.146	2.75E-179	3
Cald1	1.96E-77	0.27733475	0.933	0.887	2.80E-73	3
Mettl9	3.53E-92	0.276733471	0.699	0.484	5.05E-88	3
Pla2g12a	2.57E-238	0.27514807	0.348	0.081	3.68E-234	3
Hmgcs2	1.18E-46	0.274775159	0.71	0.607	1.69E-42	3
Mst1	3.20E-120	0.274410798	0.601	0.321	4.57E-116	3
Srp72	1.45E-101	0.27421116	0.737	0.507	2.07E-97	3
Krtcap2	6.06E-129	0.273010033	0.997	0.984	8.66E-125	3
Aprt	1.54E-86	0.272948329	0.807	0.617	2.20E-82	3
Canx	2.11E-99	0.272738107	0.722	0.487	3.02E-95	3
Rpl27a	2.22E-84	0.272561329	0.95	0.891	3.17E-80	3
Btg3	2.31E-145	0.271963653	0.451	0.179	3.30E-141	3
Hspa4	6.70E-116	0.271957761	0.557	0.284	9.57E-112	3
Serbp1	3.76E-87	0.270729439	0.827	0.641	5.37E-83	3
Rhoc	1.95E-47	0.270722057	0.781	0.671	2.79E-43	3
Rbm3	1.68E-77	0.270352464	0.713	0.512	2.40E-73	3
BC003331	7.35E-240	0.270205179	0.409	0.109	1.05E-235	3
Gstp2	1.12E-33	0.269645166	0.25	0.138	1.61E-29	3
Clpp	6.89E-104	0.269570634	0.741	0.499	9.84E-100	3
Rpl30	9.84E-109	0.269247781	0.999	0.995	1.41E-104	3
Ccnd1	1.99E-227	0.268621876	0.349	0.085	2.85E-223	3
Tomm70a	7.04E-150	0.268335604	0.51	0.214	1.01E-145	3
Phb2	3.44E-95	0.26826504	0.866	0.676	4.92E-91	3
Cct3	1.08E-157	0.268107452	0.476	0.187	1.54E-153	3
Tmbim6	7.07E-124	0.26785338	1	1	1.01E-119	3
Ica1	3.78E-278	0.267475264	0.325	0.062	5.40E-274	3
Htatip2	1.66E-97	0.265842158	0.59	0.329	2.37E-93	3
Kif21a	5.39E-152	0.265477988	0.496	0.203	7.70E-148	3
Avpr1a	0	0.265032737	0.296	0.025	0	3
Rbm42	1.05E-140	0.264250589	0.488	0.207	1.51E-136	3
Spcs3	6.99E-189	0.263880157	0.464	0.159	1.00E-184	3
Gale	1.38E-121	0.263759521	0.516	0.246	1.97E-117	3
Foxa3	8.76E-75	0.262922891	0.739	0.549	1.25E-70	3
Cyb5b	4.20E-125	0.262628592	0.614	0.316	6.00E-121	3
Slc33a1	2.66E-195	0.26201644	0.402	0.124	3.80E-191	3
Ppa1	6.11E-86	0.261475379	0.952	0.918	8.74E-82	3
Rps18	1.85E-73	0.261234369	0.96	0.917	2.64E-69	3
Reln	0	0.261139009	0.279	0.034	0	3
Atxn10	3.38E-87	0.260935401	0.66	0.441	4.83E-83	3
Yipf3	1.31E-116	0.260805661	0.569	0.291	1.87E-112	3
Acadvl	1.42E-83	0.260601114	0.727	0.525	2.03E-79	3
Pa2g4	4.10E-68	0.25992666	0.706	0.531	5.86E-64	3
Hspd1	1.63E-69	0.259740867	0.965	0.965	2.33E-65	3
Tmem234	7.08E-99	0.258953075	0.74	0.505	1.01E-94	3
Chp1	3.64E-101	0.258898378	0.613	0.353	5.20E-97	3
Hnrnpu	3.46E-119	0.258411371	0.543	0.262	4.95E-115	3
Gars	3.94E-145	0.257817178	0.379	0.136	5.64E-141	3
Chid1	3.39E-155	0.257783935	0.447	0.17	4.85E-151	3
Alcam	5.94E-140	0.256866834	0.512	0.221	8.49E-136	3
Jun	6.55E-57	0.256679611	0.656	0.488	9.37E-53	3
Arf6	2.19E-137	0.256612946	0.437	0.176	3.13E-133	3
Psmd3	5.25E-177	0.256085029	0.385	0.123	7.50E-173	3
Agpat3	1.01E-181	0.256022959	0.424	0.141	1.45E-177	3
Fetub	3.57E-57	0.256017309	0.972	0.977	5.10E-53	3
Cops7a	3.66E-111	0.25597389	0.607	0.328	5.24E-107	3
Insc	4.23E-269	0.25594724	0.346	0.073	6.05E-265	3
Rps7	7.07E-88	0.255554589	1	0.995	1.01E-83	3
Ier2	3.73E-42	0.255553369	0.818	0.777	5.33E-38	3
Rps12	5.08E-49	0.254864396	0.903	0.826	7.27E-45	3
Sec13	1.19E-82	0.254726454	0.81	0.616	1.70E-78	3
Kif5c	4.39E-145	0.254627018	0.407	0.151	6.27E-141	3
Agmat	1.93E-145	0.254175783	0.451	0.178	2.76E-141	3
Vkorc1	1.50E-84	0.25394429	0.951	0.914	2.15E-80	3
Psmd11	1.87E-78	0.253566396	0.69	0.482	2.68E-74	3
Snd1	9.68E-224	0.253544691	0.341	0.083	1.38E-219	3
Ubb	1.81E-87	0.253439866	0.999	1	2.59E-83	3
Son	9.81E-158	0.25343286	0.461	0.177	1.40E-153	3
Col18a1	2.28E-122	0.253187207	0.445	0.192	3.26E-118	3
Jtb	2.51E-103	0.253176409	0.686	0.414	3.59E-99	3
Rpl10	1.18E-65	0.253100025	0.872	0.68	1.69E-61	3
Eif2b4	5.24E-233	0.251622516	0.36	0.088	7.49E-229	3
Tmem214	2.34E-210	0.251569268	0.38	0.105	3.35E-206	3
Eif3b	4.87E-200	0.25152876	0.388	0.114	6.96E-196	3
Nr2c2ap	2.21E-146	0.251365565	0.402	0.147	3.16E-142	3
Rnf187	7.56E-144	0.251117014	0.49	0.203	1.08E-139	3
Odc1	5.30E-215	0.251034045	0.347	0.089	7.57E-211	3
Ak2	4.40E-78	0.251031126	0.792	0.603	6.29E-74	3
Egr1	8.45E-69	0.250718999	0.578	0.372	1.21E-64	3
Pex11g	6.59E-146	0.250709038	0.48	0.197	9.41E-142	3
Pcbp1	1.20E-72	0.250492254	0.936	0.932	1.72E-68	3
Tnfaip8l1	1.97E-149	0.250367659	0.45	0.174	2.82E-145	3
Phgdh	7.44E-237	0.250261999	0.29	0.057	1.06E-232	3
Chmp4b	4.51E-143	0.250056721	0.498	0.209	6.45E-139	3
Dnajc1	3.83E-152	0.249975936	0.407	0.147	5.47E-148	3
Cda	1.10E-141	0.249788738	0.5	0.21	1.58E-137	3
Itgb1	3.91E-150	0.249667585	0.474	0.189	5.58E-146	3
Cpox	9.66E-245	0.249497614	0.325	0.07	1.38E-240	3
CAAA01118383.1	9.28E-162	0.249417666	0.454	0.169	1.33E-157	3
Slc38a10	4.22E-274	0.249394693	0.313	0.059	6.03E-270	3
Cltb	2.94E-80	0.249288177	0.72	0.523	4.20E-76	3
Tcea1	4.16E-64	0.24909152	0.691	0.512	5.95E-60	3
Avpi1	6.32E-53	0.247812438	0.902	0.878	9.04E-49	3
Aaed1	2.19E-108	0.247459414	0.458	0.21	3.14E-104	3
Cyp3a44	6.20E-129	0.247411253	0.142	0.025	8.86E-125	3
Sec63	4.08E-213	0.247171501	0.362	0.096	5.84E-209	3
Smap1	6.53E-114	0.247105934	0.588	0.306	9.33E-110	3
Ddb1	2.43E-191	0.246907079	0.38	0.113	3.47E-187	3
1110065P20Rik	2.63E-117	0.246359602	0.555	0.274	3.75E-113	3
Eif5b	1.17E-158	0.246338069	0.432	0.157	1.67E-154	3
Tnfrsf12a	7.24E-37	0.246263445	0.69	0.595	1.04E-32	3
Arpc1a	4.82E-119	0.245992352	0.521	0.248	6.90E-115	3
Rab1a	7.15E-143	0.245637216	0.518	0.22	1.02E-138	3
Exosc4	1.01E-107	0.245268549	0.542	0.277	1.44E-103	3
Tat	7.00E-07	0.244903521	0.811	0.929	0.010009644	3
Creb3	4.34E-168	0.244348442	0.42	0.145	6.20E-164	3
Eif3m	1.91E-77	0.244316978	0.704	0.498	2.73E-73	3
Cldn3	1.81E-81	0.244147721	0.915	0.817	2.58E-77	3
Isyna1	2.44E-96	0.242635634	0.334	0.138	3.48E-92	3
Rhoa	1.05E-59	0.242028424	0.783	0.656	1.50E-55	3
Ugdh	9.47E-88	0.241949711	0.366	0.163	1.35E-83	3
Psap	8.88E-68	0.241943372	0.717	0.546	1.27E-63	3
Prg4	4.79E-108	0.241834442	0.318	0.119	6.85E-104	3
Phlda1	3.02E-63	0.241254248	0.367	0.19	4.32E-59	3
Ufc1	2.17E-79	0.241229473	0.822	0.645	3.10E-75	3
Rbm39	8.66E-110	0.241185233	0.554	0.279	1.24E-105	3
Cldn2	1.89E-157	0.241175624	0.397	0.137	2.71E-153	3
Banf1	1.68E-77	0.241107623	0.649	0.427	2.40E-73	3
Glmp	1.22E-80	0.2410977	0.699	0.489	1.75E-76	3
Slc35c2	4.99E-162	0.24106361	0.385	0.128	7.13E-158	3
Rpl10-ps3	1.81E-51	0.240993622	0.895	0.853	2.58E-47	3
Ncl	4.20E-114	0.240511568	0.432	0.187	6.00E-110	3
Leap2	1.03E-64	0.240300336	0.408	0.213	1.47E-60	3
Aqp9	3.08E-217	0.240138481	0.335	0.081	4.40E-213	3
Zfp706	4.52E-68	0.239817844	0.79	0.625	6.46E-64	3
Napa	2.90E-117	0.239768913	0.583	0.297	4.15E-113	3
Pglyrp1	4.73E-74	0.239185965	0.268	0.112	6.76E-70	3
Ergic2	3.69E-136	0.239159743	0.491	0.208	5.27E-132	3
Mug1	2.13E-28	0.238859461	0.84	0.882	3.04E-24	3
Epn1	9.32E-135	0.238459875	0.455	0.188	1.33E-130	3
Idh2	1.22E-61	0.238131386	0.736	0.572	1.74E-57	3
Tpm1	3.86E-63	0.238056551	0.76	0.593	5.52E-59	3
Capns1	1.33E-58	0.237819044	0.719	0.565	1.90E-54	3
Lgals3	1.22E-190	0.237671055	0.18	0.027	1.74E-186	3
Laptm4a	1.59E-60	0.23764182	0.941	0.928	2.27E-56	3
Cd151	1.53E-92	0.236977164	0.544	0.295	2.19E-88	3
Scn8a	8.18E-130	0.236826438	0.442	0.179	1.17E-125	3
Ddx56	3.65E-160	0.236813626	0.383	0.13	5.22E-156	3
Mttp	7.45E-132	0.236587101	0.414	0.164	1.06E-127	3
Yif1a	6.49E-85	0.236280016	0.665	0.429	9.27E-81	3
Tagln2	8.25E-29	0.236239902	0.756	0.671	1.18E-24	3
Atp2a2	8.43E-224	0.236001651	0.321	0.074	1.20E-219	3
Wdr1	6.58E-132	0.235978612	0.408	0.16	9.40E-128	3
Gpi1	1.65E-36	0.235975891	0.735	0.606	2.36E-32	3
Eef1d	9.62E-67	0.235777735	0.885	0.778	1.38E-62	3
Mmadhc	7.51E-140	0.235495055	0.455	0.181	1.07E-135	3
Emc7	8.16E-74	0.235424736	0.827	0.66	1.17E-69	3
Pafah1b1	1.66E-118	0.235152562	0.493	0.225	2.37E-114	3
Tmem120a	7.85E-76	0.235005909	0.64	0.406	1.12E-71	3
Cltc	1.64E-133	0.234536222	0.41	0.158	2.34E-129	3
Edf1	1.11E-87	0.234394466	0.997	0.986	1.59E-83	3
Cdk2ap2	1.80E-41	0.233715659	0.874	0.842	2.58E-37	3
Aup1	1.25E-77	0.233568591	0.843	0.659	1.79E-73	3
Rpl9	3.54E-58	0.233291905	0.835	0.685	5.07E-54	3
Cdipt	1.17E-143	0.233033466	0.416	0.157	1.68E-139	3
Mrfap1	4.34E-72	0.232917605	0.71	0.516	6.20E-68	3
H3f3b	4.92E-60	0.232761321	0.984	0.974	7.04E-56	3
Arfgap2	1.25E-136	0.232725554	0.45	0.181	1.78E-132	3
Ddx39	1.71E-120	0.232706649	0.473	0.209	2.44E-116	3
Dnajc10	5.49E-152	0.232560157	0.375	0.128	7.85E-148	3
Csde1	1.29E-165	0.232505042	0.383	0.125	1.85E-161	3
Mrps12	2.85E-75	0.232358505	0.725	0.523	4.08E-71	3
Luc7l2	2.25E-149	0.232232932	0.389	0.137	3.22E-145	3
1300017J02Rik	9.43E-66	0.232024325	0.887	0.705	1.35E-61	3
Acox1	2.61E-44	0.232006423	0.7	0.567	3.74E-40	3
Tmem150a	6.94E-57	0.231840843	0.754	0.615	9.92E-53	3
Arf4	1.06E-46	0.231719776	0.897	0.908	1.51E-42	3
Rad23b	9.09E-114	0.231266437	0.47	0.213	1.30E-109	3
Gcc2	1.81E-131	0.230892913	0.43	0.173	2.59E-127	3
Cyp2c50	1.51E-50	0.230875751	0.224	0.103	2.15E-46	3
Chmp6	2.08E-96	0.230569998	0.562	0.304	2.98E-92	3
Pmm1	0	0.230490809	0.148	0.008	0	3
Sys1	1.60E-148	0.230470964	0.398	0.142	2.28E-144	3
Cnppd1	1.60E-199	0.230370732	0.274	0.061	2.29E-195	3
Tmed10	2.68E-81	0.230337171	0.952	0.909	3.83E-77	3
G6pc	1.58E-57	0.230316899	0.408	0.232	2.26E-53	3
Jak1	9.35E-125	0.230242594	0.449	0.191	1.34E-120	3
Rps9	1.67E-50	0.230127744	0.949	0.909	2.38E-46	3
Tceal9	6.69E-80	0.230087399	0.605	0.36	9.56E-76	3
Prelid1	6.11E-81	0.230016048	0.975	0.951	8.73E-77	3
Csnk1a1	3.28E-127	0.229977131	0.47	0.201	4.69E-123	3
Serpina10	1.86E-66	0.229419155	0.729	0.543	2.66E-62	3
Lonp2	5.32E-63	0.229344365	0.674	0.492	7.60E-59	3
Nat8f2	2.17E-86	0.22918934	0.405	0.193	3.09E-82	3
Tcp1	1.09E-68	0.228894778	0.645	0.441	1.56E-64	3
Slc29a1	3.36E-119	0.228867374	0.447	0.193	4.80E-115	3
Cyp4a31	1.72E-167	0.228781966	0.294	0.079	2.46E-163	3
Calu	7.26E-155	0.22854147	0.388	0.134	1.04E-150	3
Abcf1	2.31E-148	0.228540626	0.399	0.143	3.29E-144	3
Atp6v0d1	3.18E-79	0.228262776	0.66	0.432	4.54E-75	3
Fkbp2	7.29E-79	0.22725326	0.947	0.869	1.04E-74	3
Ogfod2	4.96E-137	0.227014398	0.431	0.169	7.10E-133	3
Copa	1.52E-165	0.226952517	0.362	0.114	2.17E-161	3
Ifi27l2b	1.03E-51	0.22692084	0.974	0.98	1.48E-47	3
Grpel1	3.85E-62	0.226439348	0.923	0.892	5.50E-58	3
Nucb1	2.74E-141	0.226091916	0.396	0.146	3.91E-137	3
Nme1	2.52E-102	0.226072764	0.564	0.29	3.61E-98	3
Rab1b	9.46E-92	0.225813007	0.612	0.354	1.35E-87	3
Dnaja1	2.16E-60	0.225636464	0.804	0.653	3.08E-56	3
Txndc12	3.49E-100	0.225397404	0.488	0.237	4.98E-96	3
Polr2e	2.89E-108	0.22526699	0.548	0.273	4.13E-104	3
Pgp	3.80E-82	0.225249909	0.568	0.328	5.43E-78	3
Srp19	2.34E-68	0.224505329	0.687	0.48	3.34E-64	3
Egfr	1.23E-107	0.224439348	0.421	0.183	1.76E-103	3
Fam3c	6.06E-52	0.22429041	0.615	0.451	8.67E-48	3
Chka	5.26E-49	0.224209501	0.537	0.372	7.51E-45	3
Hspb8	9.73E-61	0.224046163	0.57	0.371	1.39E-56	3
Cd47	5.30E-57	0.223881954	0.749	0.593	7.57E-53	3
Mrps26	7.78E-129	0.223825577	0.43	0.174	1.11E-124	3
Ywhaz	1.50E-46	0.223496185	0.688	0.56	2.14E-42	3
Pir	1.35E-120	0.2227568	0.41	0.167	1.93E-116	3
Acsl1	6.85E-102	0.222340097	0.394	0.172	9.79E-98	3
Sec11a	1.35E-56	0.222030521	0.754	0.599	1.92E-52	3
Tmem160	2.61E-80	0.221776072	0.634	0.387	3.73E-76	3
Rps10	1.30E-81	0.22160422	1	0.997	1.86E-77	3
Rpl36al	5.25E-101	0.221531278	0.999	0.997	7.50E-97	3
Rpl13a	1.20E-52	0.220782316	0.909	0.837	1.71E-48	3
Pecr	7.46E-97	0.220404049	0.499	0.246	1.07E-92	3
Arl6ip4	9.09E-102	0.220351767	0.58	0.305	1.30E-97	3
Slc25a3	3.62E-80	0.220232785	0.97	0.946	5.17E-76	3
Plg	1.65E-60	0.219990092	0.949	0.942	2.36E-56	3
Snrpb	7.88E-67	0.219526661	0.609	0.403	1.13E-62	3
Copg1	5.25E-141	0.219507553	0.357	0.123	7.50E-137	3
Magt1	3.07E-144	0.219372881	0.422	0.157	4.38E-140	3
Rtn3	1.30E-97	0.21904104	0.562	0.298	1.86E-93	3
Cers2	5.61E-52	0.218996292	0.824	0.697	8.02E-48	3
Psmc2	5.27E-73	0.218600209	0.612	0.379	7.54E-69	3
Hacd3	2.12E-139	0.218578628	0.385	0.14	3.03E-135	3
Gspt1	9.25E-78	0.218392955	0.579	0.348	1.32E-73	3
Phf5a	4.23E-83	0.218120595	0.574	0.328	6.05E-79	3
Cfl1	1.64E-65	0.21804269	0.924	0.878	2.34E-61	3
Wdr18	4.73E-121	0.217917279	0.48	0.211	6.76E-117	3
Atf6	3.56E-178	0.217897082	0.273	0.066	5.09E-174	3
Emc10	3.41E-90	0.217830315	0.545	0.296	4.87E-86	3
Tspan4	1.10E-67	0.217593728	0.584	0.373	1.57E-63	3
Bzw1	9.20E-53	0.217362355	0.752	0.614	1.32E-48	3
Gtf2b	1.02E-55	0.21717906	0.656	0.491	1.46E-51	3
Fabp2	4.27E-35	0.217005954	0.482	0.32	6.11E-31	3
Ptges3	5.02E-54	0.216949862	0.63	0.461	7.18E-50	3
Mcrip1	5.10E-98	0.21681996	0.46	0.219	7.28E-94	3
Slc17a9	2.88E-188	0.216624399	0.275	0.064	4.12E-184	3
Rab24	1.12E-90	0.215589182	0.523	0.278	1.61E-86	3
Txnl1	4.81E-57	0.215189983	0.877	0.802	6.87E-53	3
Tuba4a	7.33E-113	0.214657137	0.477	0.213	1.05E-108	3
Lpin2	4.96E-117	0.214650435	0.372	0.146	7.09E-113	3
Atp1a1	2.46E-107	0.214565769	0.43	0.19	3.52E-103	3
Ech1	1.68E-39	0.213910784	0.709	0.587	2.40E-35	3
Dst	1.44E-210	0.21356993	0.267	0.055	2.06E-206	3
Immt	5.71E-100	0.213402573	0.485	0.234	8.17E-96	3
Hnf4a	2.35E-113	0.213371007	0.387	0.158	3.36E-109	3
Mesd	1.82E-118	0.213316373	0.426	0.179	2.60E-114	3
Lgmn	5.86E-86	0.212827951	0.447	0.225	8.38E-82	3
Ptp4a2	8.32E-149	0.212387946	0.358	0.119	1.19E-144	3
Zwint	1.07E-98	0.212166712	0.429	0.195	1.54E-94	3
Acadl	1.68E-47	0.212090378	0.836	0.74	2.40E-43	3
Jagn1	1.84E-86	0.21206668	0.507	0.27	2.63E-82	3
Meg3	5.99E-200	0.211953825	0.232	0.044	8.56E-196	3
Ube2g2	8.32E-126	0.211695946	0.366	0.137	1.19E-121	3
Acbd5	1.88E-107	0.211563274	0.442	0.198	2.69E-103	3
Rpl24	7.85E-76	0.210943084	1	0.999	1.12E-71	3
Uso1	1.82E-175	0.210610044	0.3	0.078	2.59E-171	3
Ap1s1	4.57E-68	0.209984957	0.551	0.336	6.53E-64	3
Ppp4c	3.53E-112	0.209912074	0.449	0.196	5.04E-108	3
Blvrb	7.05E-55	0.2093885	0.838	0.695	1.01E-50	3
Ces2a	1.23E-30	0.208993409	0.538	0.427	1.75E-26	3
Timm17b	1.15E-66	0.208880767	0.764	0.582	1.64E-62	3
Hectd1	7.02E-141	0.208263841	0.325	0.105	1.00E-136	3
Nr1h3	2.41E-99	0.207547495	0.516	0.256	3.44E-95	3
Psmd7	6.62E-68	0.207338144	0.685	0.474	9.47E-64	3
Dhrs7	8.40E-122	0.207247879	0.37	0.141	1.20E-117	3
Pqlc1	1.47E-113	0.207084511	0.397	0.163	2.10E-109	3
Aifm1	1.53E-98	0.207074723	0.439	0.203	2.19E-94	3
Hid1	1.43E-247	0.207006946	0.237	0.037	2.05E-243	3
Dpp3	2.12E-173	0.206680096	0.305	0.082	3.03E-169	3
Paics	2.98E-64	0.206620129	0.54	0.325	4.27E-60	3
Rpl12	2.12E-50	0.20515721	0.796	0.633	3.02E-46	3
Dctn2	6.88E-88	0.204949082	0.57	0.314	9.84E-84	3
Sptbn1	2.18E-134	0.204560035	0.324	0.108	3.12E-130	3
Arl4a	3.04E-62	0.204364068	0.347	0.176	4.34E-58	3
Zfand5	1.23E-81	0.204327576	0.477	0.247	1.76E-77	3
Mlf2	2.42E-61	0.204311329	0.857	0.695	3.46E-57	3
Rps20	1.16E-62	0.20418296	1	0.997	1.66E-58	3
Naca	1.77E-43	0.204052937	0.972	0.966	2.54E-39	3
Yif1b	8.38E-89	0.203953692	0.503	0.26	1.20E-84	3
H6pd	2.48E-131	0.203916537	0.335	0.115	3.55E-127	3
2810459M11Rik	5.27E-123	0.203744925	0.349	0.128	7.54E-119	3
Ube2d2a	3.74E-53	0.203649524	0.652	0.475	5.35E-49	3
Sel1l	9.22E-159	0.203495894	0.276	0.073	1.32E-154	3
Cct4	2.03E-70	0.203328474	0.485	0.274	2.90E-66	3
Dusp6	1.31E-90	0.202932646	0.372	0.166	1.87E-86	3
Sypl	6.14E-76	0.20268727	0.57	0.332	8.77E-72	3
Tomm40	6.72E-96	0.202463142	0.433	0.201	9.60E-92	3
Bax	6.36E-37	0.20193079	0.53	0.369	9.09E-33	3
Prpsap1	1.04E-111	0.201885623	0.415	0.175	1.49E-107	3
Ywhag	3.93E-132	0.201856932	0.295	0.093	5.62E-128	3
Qars	1.87E-165	0.201616391	0.305	0.084	2.67E-161	3
Rnf128	7.57E-96	0.20097023	0.435	0.202	1.08E-91	3
Grb14	8.48E-70	0.200527866	0.402	0.207	1.21E-65	3
Reep3	4.17E-62	0.200492161	0.681	0.483	5.95E-58	3
P2rx4	1.01E-86	0.200406023	0.47	0.239	1.44E-82	3
